13.75599278  
-14.10810901  
-27.10526434  
-11.57527479  
-53.6441308  
-1.169850387  
38.37491606  
-20.14850026  
-11.81315486  
-13.73227089  
24.70098002  
-5.576743697  
-0.5857974498  
8.551100004  
6.04963425  
6.261249034  
-84.37436476  
-8.070631887  
-6.953670067  
22.3891544  
1.824214919  
29.15754951  
9.535873879  
-33.65736881  
-25.11290565  
88.96949212  
30.57753095  
7.237656555  
-23.24980472  
51.66133793  
-1.016752823  
-16.09782171  
-16.1737763  
-5.819854508  
-20.70193636  
3.444803803  
0.4344138684  
-9.776509446  
5.16638202  
9.939286836  
-7.348103033  
-1.564371242  
46.04154114  
82.51293712  
-17.07160796  
1.915822523  
-18.05492297  
-22.65861775  
84.81383682  
-30.3381768  
-5.420617987  
-0.2667230058  
