-2.546070175  
-23.02110321  
48.14305237  
19.81940502  
53.28766156  
8.256544271  
5.502148315  
50.68546641  
-6.543651104  
5.888314474  
-26.42717775  
4.692085454  
-43.56859897  
33.80029891  
-15.37087852  
27.35684567  
17.57328191  
-20.75166134  
18.19417365  
-47.60071957  
24.41580596  
8.507773828  
79.40954742  
-44.96242699  
21.82977605  
-60.18417906  
1.010623257  
-6.870621678  
83.66361562  
11.16321298  
19.5250964  
41.23549995  
-19.79848635  
21.50364964  
12.44507652  
-1.74422764  
-23.55458471  
10.80783488  
22.41258124  
-8.687808054  
55.2756612  
-30.24576892  
10.12204875  
-41.0108611  
2.400650191  
12.35032431  
-40.03094966  
12.62327835  
-12.80302832  
-20.86944623  
-18.84112821  
56.50734713  
2.670539707  
23.0432134  
9.685529733  
7.579724778  
21.83403786  
63.22494713  
26.3984566  
7.991037761  
