-2.384142778  
-143.0926606  
168.3267657  
-110.5763211  
52.98088366  
-48.30125403  
-13.11715534  
-203.0918436  
16.72635013  
29.10181923  
123.8885662  
-150.1413725  
-392.1664803  
123.3180203  
218.5758762  
-104.9075257  
-78.60242107  
-127.235848  
16.89010688  
5.732954227  
-66.18330195  
112.4544252  
-238.8528816  
-252.0080054  
21.35619562  
78.04011941  
-230.8106303  
-34.32328138  
28.8707443  
93.55717223  
35.23077594  
286.4905184  
5.290940369  
94.19125345  
-81.67749525  
153.3513703  
-391.0618214  
16.54521485  
-20.5859395  
66.65720518  
10.51468762  
310.4319628  
-111.9881898  
14.15073306  
62.90742688  
-5.787130019  
-4.157448811  
-93.578272  
57.47416064  
-60.65893876  
394.9609168  
750.9421914  
-179.1988985  
-119.225671  
147.5529135  
16.39920981  
-462.9146253  
-125.3661385  
466.4466038  
-46.54328797  
