-13.60171731  
92.39447437  
-4.055599269  
-69.73367215  
11.22838599  
-88.92805583  
-58.94734485  
-14.77047022  
33.06978992  
-95.88014763  
-22.18427809  
-34.34871272  
-16.9064372  
26.54710341  
76.96667017  
31.13008791  
22.07506725  
-27.43243609  
-2.940934712  
16.50707567  
-25.47592612  
22.82405619  
17.31397255  
-8.322528721  
34.29687551  
-176.2218103  
-1.458176234  
-15.49228766  
-27.26330687  
-12.03974149  
3.765907086  
-28.99626102  
-8.982137909  
2.373809931  
2.058975679  
-28.05683446  
31.32288019  
-22.15399023  
17.15889711  
0.8739197638  
-26.77250545  
9.165013688  
5.546975606  
134.1422201  
-8.089567414  
5.945614417  
68.06994502  
46.581701  
95.8939987  
3.585007531  
-58.79769229  
-44.05519741  
