3.223777481  
3.346263236  
5.513147743  
15.32955325  
14.4529289  
-40.56659684  
6.303656341  
-15.08566083  
-7.998259325  
-2.45081386  
-6.509726672  
15.70354652  
-7.379905335  
-19.72877811  
-0.4253467256  
-23.30800757  
-6.851365667  
5.776727322  
5.046993995  
1.098069931  
-4.026269661  
12.54527254  
-0.5586819812  
-1.615783679  
7.546440127  
6.505723934  
-6.735567672  
-10.80125471  
1.240185956  
2.189506421  
-0.8574233981  
-1.586880921  
8.323192657  
8.467320711  
-2.80425801  
-2.744688276  
-2.454740833  
15.26627117  
-3.488495457  
5.296427023  
-3.974351335  
0.1616920994  
-0.3264199916  
-25.47848125  
-8.489921554  
0.7120566822  
-24.25741696  
5.238989832  
-31.43411765  
-5.848671687  
14.9820015  
-1.150873827  
