-17.90173992  
16.56544484  
14.5051856  
4.301307028  
31.51580022  
-8.967440525  
-20.85687982  
2.684947082  
2.438429816  
0.7459508697  
-15.69829961  
-4.974182022  
-0.5843453916  
-8.525059608  
11.22083618  
-31.08742687  
38.28712171  
-4.223571664  
13.10388809  
4.90386988  
-14.10580555  
-7.03030615  
2.500286401  
-0.4977689293  
-10.86623824  
-59.70268784  
-17.97012631  
-4.94129683  
6.451431629  
-23.29479134  
-1.508671993  
-0.05156575705  
5.687862984  
0.3146003188  
12.33189707  
-6.219284659  
0.0520933859  
13.58122654  
3.301944663  
0.4380980227  
7.042598369  
1.223684301  
-37.03655195  
-21.2233397  
19.55779024  
-17.6273582  
19.38361964  
9.280540215  
-34.99919996  
14.61746633  
21.26600191  
19.14506321  
