20.24209259  
-20.85541784  
4.526328035  
-55.38553725  
42.84363949  
-32.94606673  
43.63620805  
-6.888957891  
36.34265725  
39.84696831  
43.99073718  
17.86204172  
-45.85613627  
90.21395529  
-23.63114547  
7.348229893  
101.9049821  
-24.20665524  
31.1822645  
-83.02214529  
-18.1207694  
-15.48866253  
25.50425132  
46.45631345  
95.80080085  
-3.568799558  
15.65425323  
9.791815851  
14.10486726  
-30.25936372  
5.460788642  
45.6010549  
-48.19838493  
46.09801927  
3.469212358  
8.263525642  
-54.05592665  
-13.48115222  
5.791480447  
-44.18629228  
-50.89076966  
-49.08098322  
16.34117699  
77.7974864  
59.97864583  
96.40775339  
59.03549889  
1.171281724  
7.704804569  
115.9714734  
39.94126528  
80.24783841  
