40.51290715  
-44.2583839  
-28.95290782  
-77.43753402  
181.3769812  
110.8427911  
78.64027904  
22.17506286  
94.24935996  
-78.03530168  
-74.43736574  
-29.00248694  
205.6715878  
37.58967927  
-173.5098347  
47.20646939  
1.241551791  
57.18465972  
-27.18256115  
-115.7350405  
-58.26326811  
159.2706966  
245.957412  
300.3340827  
-3.919019496  
-61.28420216  
-47.74480984  
16.47630697  
25.9697148  
-4.894387541  
-116.9117342  
25.83054271  
-261.6311756  
25.46045111  
16.11068838  
-73.46646438  
200.8050742  
-24.26511798  
-89.64608779  
-35.23573019  
51.56778058  
-88.437786  
148.6710799  
33.10934764  
137.843961  
-56.71340829  
17.13322479  
106.7002682  
-56.03298161  
133.3180229  
-322.1077807  
59.94657952  
30.38843635  
193.1140297  
70.28545969  
88.32893288  
288.8271058  
-134.06492  
159.5792796  
129.5968092  
