-34.68790883  
4.141569505  
18.1948515  
-50.7815499  
53.20145244  
110.8211846  
253.0182007  
-351.8956329  
-127.4151362  
164.5739523  
113.8461894  
20.14872084  
60.97142388  
130.3999368  
-101.5374195  
99.33520246  
-41.13445807  
50.31165082  
-4.259388313  
-186.261578  
-421.0833082  
-135.4070086  
-0.5432279634  
68.25314964  
85.70221492  
-92.38737294  
-96.9973698  
-125.0506861  
186.7077943  
-84.89627904  
-49.03391445  
-28.67210618  
-11.74561394  
256.4428509  
15.32587234  
-263.5355228  
57.08439099  
-85.56772596  
-100.2194868  
-49.65581695  
-109.6711216  
-119.6702779  
93.58036726  
-84.43313006  
44.39257986  
160.1915845  
30.93675979  
-106.5308656  
67.72657187  
64.35322733  
-121.6958756  
120.5784433  
211.4568314  
90.85668499  
217.8787058  
31.92257256  
174.8206936  
150.3888306  
86.56670884  
108.0291992  
-17.03828903  
-44.43699389  
4.711338117  
-154.8314153  
269.8516132  
184.4625042  
-4.159528503  
216.0782673  
169.9924037  
44.13247297  
-27.42741905  
18.75613099  
18.12848808  
-74.62790489  
38.26897738  
-34.82526594  
273.4223412  
-148.6773755  
13.34000204  
