47.62019302  
47.10788861  
21.94804497  
36.76642752  
137.9879818  
-56.70435196  
-21.83446904  
-24.64971634  
-15.78959137  
54.25299092  
50.74958095  
61.24351945  
12.48762257  
28.82575227  
-59.41703327  
46.03953085  
27.75528839  
92.46683358  
1.617700333  
45.67015396  
21.06291934  
71.99603427  
-48.69076049  
35.94597726  
48.36966285  
-51.89850951  
-9.8271027  
116.6238308  
3.747751283  
28.13324329  
-34.39202357  
17.54687308  
8.033350022  
43.19350997  
19.58356404  
30.98066578  
21.03254952  
-26.21328846  
17.81881164  
-24.76280297  
36.37017937  
74.53050743  
79.8424895  
39.48716314  
21.53607558  
85.70838647  
56.95151638  
-8.915245101  
-30.83490508  
-24.19012327  
76.24113994  
1.695857522  
80.05367751  
1.41692511  
-21.62251709  
-61.66807346  
24.49327057  
-10.2166021  
90.01519744  
33.85208559  
2.132425681  
78.73048763  
-14.35336351  
57.55648259  
-23.45574423  
-76.79478185  
37.45473187  
39.35083651  
-78.02152248  
15.51810961  
