7.412283716  
4.308078499  
-6.830538724  
2.572287321  
-17.94754035  
-17.5092471  
1.563688781  
-0.1896050061  
-11.37158348  
5.019754205  
4.990396177  
6.085872293  
1.756889184  
-3.221750268  
1.29032965  
1.574859914  
-8.528704016  
2.880769738  
0.828098084  
-1.750605339  
1.888113085  
-3.817125929  
2.144614654  
-5.200752141  
6.687255408  
-0.1205571592  
3.097096385  
-0.1504510932  
-0.5696872297  
-0.725740332  
-11.84620534  
-0.9253002937  
2.076104283  
0.1729541762  
2.135665777  
-4.698585828  
1.195943568  
0.277282255  
0.7751990358  
-0.1898558679  
0.0803327007  
1.035646363  
-2.611721748  
1.791162203  
2.036932504  
4.294336346  
0.4439698813  
-1.138450914  
-1.920827472  
1.19052727  
0.06999504353  
0.4139667863  
-4.860614408  
-1.667311921  
3.536201762  
17.94693428  
-1.780412657  
-8.913255876  
-4.584078191  
9.308259425  
2.10239516  
-4.701503189  
4.74723644  
-2.141955823  
3.663583998  
-8.325937862  
11.28223415  
-5.349460122  
-1.458553166  
5.165681311  
