1.692807921  
-0.563775255  
-2.451956668  
-3.468896191  
-0.7816768017  
6.886121891  
2.297983804  
-1.029587338  
8.327349803  
-2.867769215  
-4.938656556  
1.521125153  
-2.461471673  
3.530870822  
-6.359260624  
-1.289981482  
-7.279708562  
-0.2237978718  
-2.673458703  
9.537556047  
0.1406324318  
-2.272608593  
4.196261633  
2.18848486  
-3.353152729  
-8.313585015  
-4.481740919  
5.175114617  
0.5410713166  
-4.51387363  
-0.04080096162  
0.4657893446  
-0.4656929826  
-2.319435443  
0.5221113444  
0.2908047844  
-1.38237554  
-2.318994135  
-0.1828438308  
-1.508924394  
0.8217745446  
1.725535546  
-2.769361171  
-3.436667258  
-1.866622329  
2.077442326  
-0.3468657274  
3.129749089  
2.244133906  
5.360019182  
1.893336433  
0.6454380194  
0.3139032339  
2.872632201  
0.843685861  
2.503961497  
-3.735683217  
0.834531328  
-3.226904251  
-5.896021021  
-1.747214671  
-8.15677274  
-2.412803495  
-0.0249212262  
0.5062955512  
-3.624348631  
0.598795866  
1.547393943  
2.331826737  
2.02821617  
