18.94640421  
-35.00972973  
-25.26881872  
12.4471108  
13.38659592  
-78.28419446  
-111.3491276  
64.51533779  
17.44367252  
93.18942094  
12.49230396  
77.99828874  
40.39745863  
22.50305919  
-4.772798322  
-37.37964131  
-35.78500916  
29.64180715  
113.0997245  
-0.7948459671  
54.14387739  
38.16073994  
-0.2478176639  
-9.068670943  
31.75401383  
-54.07757068  
88.37196938  
49.12972178  
54.94951291  
-90.34427073  
59.26678685  
70.81110655  
17.61399573  
-35.51304555  
-57.60850357  
-8.146444165  
-16.0850271  
6.362695376  
-3.268311841  
37.17586825  
-55.16212616  
13.22741708  
5.568048875  
8.560039974  
-39.14867465  
11.79222259  
-31.3961359  
24.40713557  
-6.168503171  
43.57691679  
-29.1310542  
22.91062428  
-32.07208474  
28.59292921  
-70.73393523  
11.09358815  
-69.24743593  
10.24332487  
57.93626249  
16.24807067  
-71.60619867  
18.40752776  
-39.06407293  
41.58561729  
-30.35130548  
32.12785454  
14.75993538  
-36.71716456  
-128.0323689  
-67.29630298  
