-1.155218028  
1.708791556  
2.064251768  
-0.2515008471  
-1.756485678  
3.808217109  
-2.540811121  
-1.330657219  
-1.772004206  
0.0894066106  
10.61506788  
0.2130378016  
1.057314344  
-4.68021412  
-7.517295906  
-3.184908964  
-5.47113419  
-0.1639161544  
2.234396667  
-0.09073940345  
-2.698330879  
-6.249149682  
-1.441870373  
-1.518626777  
-1.644573049  
7.14776483  
15.62011187  
0.9403906837  
0.01631472047  
0.7070323005  
10.3825424  
1.845648663  
1.222197447  
2.608917134  
-1.741413518  
2.662871036  
0.6481648873  
0.1843514835  
-2.915758373  
4.37227762  
1.38647965  
-0.1339443816  
2.015253829  
-0.01411868559  
-0.9213817375  
-1.022177763  
1.157103142  
0.4014259832  
-2.096782901  
2.249886952  
0.9702794636  
-6.339179763  
2.51534172  
-2.14147124  
-1.025607977  
3.609314515  
4.060334278  
-2.143261809  
-2.62930319  
0.1591138297  
-6.218142335  
7.869408751  
-0.1582745593  
-0.1590325093  
1.956178485  
0.3630434176  
3.10313086  
-0.4985222923  
3.539910317  
4.541819658  
