-0.9859109142  
9.31452074  
-3.763953245  
-0.02177826925  
3.990456714  
2.582731017  
-2.25595957  
-8.977594396  
0.2701902281  
4.187472623  
0.3052930019  
-1.239192815  
-5.988545025  
-4.413399158  
5.903790294  
-8.050246092  
-8.570391091  
-3.903483507  
-2.481534174  
19.26147345  
-4.859182606  
-0.2509902987  
16.16905042  
1.3875573  
7.307114925  
6.585859363  
-9.996699676  
-4.133053337  
-4.644995416  
-0.5616023471  
-4.348161041  
-6.217781651  
1.879444686  
0.7135333988  
-1.674968604  
4.963572055  
6.16765394  
-6.629985181  
4.964128278  
-0.47898953  
0.4936899844  
2.155281657  
-4.329515272  
-1.205041745  
2.012597816  
6.658505665  
-0.3767562007  
0.6993256333  
1.89448879  
-4.40546485  
3.129320972  
-1.485625449  
-2.391267389  
0.7967482548  
2.344385622  
14.13670383  
-16.36333145  
2.826746957  
3.521409943  
5.681429255  
-2.655403257  
-8.156173088  
1.093584356  
-1.50897322  
1.02216563  
0.5730983494  
6.230008044  
0.4758503789  
-8.28337936  
8.242508173  
