2.337706498  
3.661964665  
-2.76584222  
5.500699854  
13.24688511  
-18.14148664  
-1.691885658  
2.248635711  
-1.028108901  
-0.5883351743  
0.847072193  
-2.571661669  
-1.03644056  
-7.131505939  
2.818446333  
13.90334772  
7.872279286  
1.099547454  
-0.8140848555  
10.41515129  
0.5154871017  
0.4900152147  
-6.144840756  
2.343554768  
6.954229929  
18.29283216  
-4.692748684  
0.05248619542  
0.4531545699  
-2.499987966  
1.53890627  
2.999175229  
0.6123498884  
3.39459345  
0.7806070134  
4.752834833  
-0.8284664381  
-0.1300499976  
0.8262570739  
0.6304895006  
2.790807576  
3.04507941  
-1.334775285  
-1.930410507  
-2.713203722  
-1.368477117  
-0.6118161045  
-3.206025136  
2.560548067  
1.842368652  
1.109774314  
-2.499048013  
-0.7239257894  
-2.9419169  
-0.7714197275  
2.749834366  
2.687845087  
6.501951116  
-4.251212752  
-5.081348026  
-3.711113442  
-11.8590805  
6.152753575  
0.4329538257  
-3.831004766  
0.7512850791  
-6.164985174  
3.568337877  
-3.445434405  
-1.302869965  
