-5.673367718  
24.21920877  
-13.55653128  
9.855582315  
-1.612580276  
22.0663165  
4.421196336  
-7.854562628  
5.531566441  
-19.5647053  
1.957778439  
5.885965657  
5.094640931  
12.91180623  
3.17034198  
15.80461178  
18.85690887  
-1.367058468  
0.8560878694  
-2.150034833  
-0.1116679501  
6.715410689  
-7.348273173  
1.181797566  
8.080645627  
-5.420419744  
15.29281195  
-3.02438536  
5.707796574  
-2.187100282  
-4.060882917  
7.947732687  
-6.320103604  
8.596798784  
2.169227378  
-2.01470907  
8.390034467  
1.78802667  
-2.728726813  
-3.616158568  
-1.961398277  
3.051272298  
3.773556331  
2.352333563  
-3.113523376  
-2.847051705  
-1.072881826  
-7.464601469  
0.1064832419  
2.925006485  
1.585863667  
7.04410885  
7.654285008  
3.384294251  
3.932915336  
-4.727074039  
4.257000309  
-3.550995968  
15.91200397  
6.63093794  
-3.436326519  
-105.7916676  
2.77526572  
6.289908326  
0.5240577638  
-5.229800958  
18.86863447  
-0.142342763  
-0.003811174631  
4.173643639  
