0.6911773348  
14.33501058  
1.131521308  
3.506488965  
3.744628296  
26.59585583  
6.060775306  
5.223458861  
4.350597806  
-2.233499916  
0.08782169342  
-4.042886014  
2.157052727  
7.316292176  
-12.89067844  
-7.593734827  
-2.704155416  
-4.74878351  
4.225812261  
-11.30006329  
7.378527668  
8.628022423  
6.957914964  
-1.97148792  
10.58686767  
-24.17532918  
-15.42466482  
6.996431651  
-3.127528737  
6.104334185  
3.537605696  
-5.261529489  
-9.423441398  
-7.494890748  
0.4632107925  
-6.083219928  
-5.12562322  
1.972980524  
12.09580397  
-0.2855976728  
-0.5290988982  
-7.106428409  
-11.55405152  
-0.6952500105  
-5.270591822  
14.25600313  
1.922013571  
-2.374375526  
15.54472014  
0.04316169977  
-0.5539093065  
-14.16131734  
1.853175721  
2.734407198  
2.335020638  
-12.47691912  
-18.22286604  
5.398749304  
8.745503206  
-19.46553696  
-0.8214955389  
21.81058185  
-3.341455195  
3.301767997  
-0.4658403685  
-8.290572107  
11.89851262  
11.90116124  
-1.873872521  
5.030444315  
