1.155801142  
-3.567668465  
-5.445120513  
-0.7475341866  
-6.112642877  
-0.3211795515  
7.800938224  
1.356467224  
3.023702073  
9.094173429  
1.891204365  
3.565728069  
-0.4894695743  
10.24433178  
6.332465005  
-2.166751307  
-2.765699327  
1.893584546  
6.487804192  
7.163896791  
3.288230336  
2.465901279  
-2.43020571  
1.365105183  
-6.582064805  
0.6827621921  
-5.682489826  
-0.8175968561  
-1.564001797  
-1.708277008  
-2.101598294  
0.6142195555  
0.6786786531  
0.9675656422  
-0.2466657693  
0.003621906222  
0.2477752018  
0.7345410168  
-2.686643193  
-0.4330599308  
-1.431176845  
0.05603421618  
1.868407886  
-2.125150034  
-0.8293138781  
1.357972277  
-1.885625062  
-0.1586910294  
0.2942712192  
-0.936817796  
2.276484469  
2.376610673  
1.903643175  
0.835918011  
1.661830291  
-3.031277211  
3.493326868  
1.723070195  
10.24027174  
0.8732934432  
-0.9920624802  
-10.15203298  
1.395667388  
0.8159808331  
-1.373018833  
0.8726635169  
3.489737849  
-3.464895071  
-3.157042702  
1.574840181  
