-0.20880083  
-0.6864488476  
-0.9617074839  
7.370140879  
-4.886452092  
4.781386583  
3.045884735  
-1.501605016  
0.176998139  
-0.6918821023  
7.490027433  
4.889292718  
-1.493977886  
-2.798122969  
1.138986674  
-5.535009658  
5.438620109  
0.5074058202  
-0.7531921224  
0.1648029057  
5.08292648  
-1.66337287  
-7.817702219  
2.219032619  
-3.959090677  
2.062936555  
-3.671986821  
1.176894031  
3.039820374  
-0.6534729765  
-0.3215765905  
1.315487442  
1.661097401  
1.781730579  
2.523541541  
1.44254918  
0.4752452639  
1.739611012  
-0.3856133075  
2.785188111  
-1.073628666  
1.537092514  
0.4667077268  
-0.3187357184  
1.939426962  
-0.1195933656  
0.4453093384  
-0.2928024084  
1.426202044  
-0.3975940017  
-0.4826354693  
-0.004696097056  
-2.042586588  
3.428256858  
-1.521477671  
6.165649161  
-7.439475848  
-3.547245067  
-1.230900003  
4.003078109  
0.1944600709  
9.131998276  
-1.246143991  
1.018747203  
-0.8976704848  
-0.4999999445  
-1.579638552  
0.9750735  
-0.8968771967  
1.787182829  
