-2.267988704  
4.197749248  
-2.960694572  
0.6175033271  
-0.8403456537  
-1.797969154  
-0.1186714401  
-7.610004264  
3.616065566  
2.917034288  
-1.078373977  
0.9488677716  
-0.02814585502  
1.713233504  
1.976415364  
-5.222574645  
2.742159307  
2.881392062  
-0.7837661204  
1.846018577  
4.174591405  
-0.6151814799  
-3.708223448  
-0.644909595  
-2.018484613  
13.01811252  
-5.868415543  
1.551417306  
3.255391701  
-1.14415397  
1.226299546  
1.697932761  
1.430958475  
0.8337712815  
2.631770847  
1.819745967  
0.4551094679  
2.568256002  
1.959451622  
3.401345183  
-2.394869672  
0.5477067934  
-1.000872985  
1.116200811  
3.670789418  
1.698314983  
-0.3235306715  
-1.399865766  
-0.2250023581  
1.250263001  
-0.3261045489  
1.561954082  
-2.169446143  
3.479515268  
1.03815529  
0.5067360578  
-6.364214104  
-7.652055225  
-2.116291959  
3.759050483  
0.721283066  
4.905353389  
-2.909057417  
2.572864388  
-1.486286639  
0.7609028675  
-2.47612861  
0.4153366962  
-2.363167314  
3.221723041  
