-4.170167957  
3.55802878  
6.082773005  
-2.230974292  
3.294788274  
1.12491984  
4.138397371  
4.77417288  
-9.876059374  
7.2435209  
-3.541602943  
-9.252777586  
4.507674788  
-0.1830562683  
-0.9042114918  
3.746236282  
-5.459515963  
-3.859699085  
1.0518664  
-10.44770104  
1.856556917  
2.917746944  
-0.2691274674  
0.8130244401  
4.156089344  
-3.409048877  
-11.83521519  
-0.7945099398  
-5.123591281  
-3.552980671  
3.308542655  
0.2469728815  
4.114069941  
-2.562399933  
-1.055218463  
-0.3238664547  
-1.849793077  
1.569993493  
-1.616993159  
-1.192530252  
-0.3567810997  
-1.909744254  
2.417593552  
1.236403724  
0.4183872691  
-1.883793735  
-0.7822096034  
1.445686495  
-7.810096378  
-5.75987602  
-0.09112197686  
1.934651764  
-0.678015819  
-1.823728811  
-4.401027709  
8.667125458  
1.043529612  
11.11107288  
2.688981701  
19.79021024  
-3.654984584  
-3.572382081  
0.6517626573  
4.343442085  
-1.473264754  
4.647013544  
9.416218274  
-5.787939122  
-4.376154725  
4.938890725  
