5.061056435  
-14.74165237  
-19.27008965  
-5.06558625  
-1.315816658  
-3.80427303  
-13.25186012  
-26.0002137  
23.82117612  
-0.5493734181  
2.116270636  
-11.96975957  
-8.075509093  
-20.37454588  
11.4119278  
21.42631615  
-28.6613195  
-10.05668467  
2.655615155  
0.9835162333  
-78.19776955  
-8.794359399  
-38.33343471  
11.39551102  
12.80886015  
-29.5955017  
18.92685774  
16.15622442  
16.02270774  
3.795065897  
3.648073175  
9.608758024  
15.56767078  
-31.62892641  
-6.311178535  
-10.37241749  
6.449439364  
-11.98876356  
-12.02969332  
53.60367768  
-1.295670978  
2.153897018  
3.061586273  
-3.399547906  
0.2431759196  
-9.54449386  
-3.654550659  
13.2752014  
23.47260456  
6.668588259  
-18.85310508  
2.414724076  
1.515739288  
-0.6058857782  
-24.72050573  
-47.93552096  
-18.65846305  
-49.8268522  
-23.54007663  
-35.30763311  
-7.143458009  
17.35667048  
-7.754958655  
-16.2219788  
42.57521261  
28.35548833  
34.91066723  
17.44673224  
11.69637067  
22.24137397  
