115.0615326  
287.482913  
135.096845  
-47.25486385  
-165.6876282  
-146.310798  
-15.06211027  
-62.60196813  
174.6009561  
25.70062769  
186.4360552  
114.842822  
30.91107989  
16.02139055  
-221.4475977  
37.79591152  
-368.5921974  
-492.1080599  
-45.05751328  
88.31950385  
-243.0402859  
-168.1110465  
-208.3398732  
-112.3210521  
40.34499602  
64.82279187  
25.71752775  
-17.58132985  
-118.0363723  
135.7791428  
-168.6324816  
-102.4190877  
-174.520537  
96.57923726  
-110.7554592  
-83.71188743  
3.951827912  
-181.9511357  
71.43788746  
231.4011042  
-24.30708003  
123.9599402  
117.3617807  
30.41158903  
-239.9587416  
226.9961928  
-128.4116149  
-169.9847348  
-148.2302593  
-175.8672601  
3.635624102  
94.52480135  
-27.79997478  
-101.587255  
-188.4217983  
-29.07892827  
-253.5135131  
-207.2237179  
-190.0568963  
-124.624749  
201.4242316  
359.3941247  
25.69590328  
-3.784538269  
146.8160792  
16.01682928  
34.20912581  
18.93269003  
-228.7864939  
163.103936  
