-8.913463138  
9.53830294  
16.2414297  
-8.707427203  
0.5268881498  
8.497762821  
-6.736156815  
-2.238651872  
-6.912671448  
-3.595123209  
0.6689927548  
6.301186527  
-0.5980762939  
-0.2247882574  
1.124532801  
2.419599026  
-9.30556262  
-2.096972188  
3.864065422  
-3.704971083  
5.337876336  
-0.7757866195  
-1.361874779  
2.237144324  
4.696949372  
-2.490082096  
5.149967867  
1.49901705  
-1.491219879  
4.623336815  
0.634713355  
0.3973851513  
3.351194551  
2.020839818  
-1.255227434  
0.5657951434  
-0.7681519762  
0.3955785364  
1.688606693  
-0.3069703677  
-1.159689139  
-2.921885744  
-3.132145913  
2.856790487  
1.735294294  
-2.600817016  
-0.7287166297  
-1.036355532  
-4.168778358  
3.817078948  
-0.3624655706  
7.102282047  
-2.086580741  
3.292392424  
2.232045333  
6.133103631  
-16.64895093  
7.728006884  
-6.676532481  
-2.987135733  
3.690461646  
1.496223513  
-3.704280126  
-0.02919250361  
2.940592318  
1.260879311  
8.63690718  
-2.17293304  
4.718839166  
2.388139985  
