-61.95420123  
-22.35285027  
-60.12689777  
15.60919186  
-101.0421849  
115.9023741  
64.96552651  
-91.21654415  
25.55406626  
-9.867436563  
95.02139544  
-3.070091563  
106.3501117  
50.6561816  
-100.8679049  
-177.2163362  
-189.5344409  
-26.52506766  
-0.1645356571  
-125.5972933  
-111.1386342  
-45.7487589  
62.60869246  
-56.47187888  
119.4091027  
210.2866282  
22.00298891  
-5.359179137  
76.66049041  
112.6030215  
63.58720188  
39.0914082  
-38.23273333  
72.29477975  
-146.5432547  
-5.496551037  
82.84522869  
-1.409189593  
212.4909889  
-30.33963753  
-133.4417076  
107.0555967  
51.26358032  
-22.32942539  
-40.193973  
-42.3742793  
20.44129051  
50.87803469  
-0.5303548613  
6.068310861  
-41.58449797  
-41.57066453  
114.1725178  
-28.81804022  
-259.939588  
-113.7142087  
28.04670336  
41.36493834  
-49.93494375  
121.8395025  
12.06930447  
-20.18013228  
-52.77010832  
4.089023721  
94.10633998  
-176.3188351  
95.98141092  
70.07615324  
85.61923093  
-74.87495939  
-21.25107288  
240.4202433  
23.43206486  
-129.3097604  
63.59507112  
45.19585268  
136.0276329  
27.5779468  
-33.1136807  
