-3.502473009  
-3.736379559  
13.75194019  
5.103364421  
-6.132099727  
7.843767682  
3.421524357  
-4.58935721  
3.689147638  
2.069644519  
4.616507236  
-3.476897345  
5.758368686  
24.66732907  
-1.943254852  
-2.886787995  
1.064778881  
5.112278739  
-1.21771939  
28.21824098  
3.922563448  
-5.380014743  
-12.45190654  
3.280754326  
9.183989003  
-2.226312972  
0.7431038178  
-4.135685813  
-0.1343435132  
-5.619463275  
2.129481711  
-4.500198839  
-15.43337895  
1.49009894  
1.845845862  
3.263451355  
-3.156105267  
0.1826289968  
-7.871149374  
-2.470006624  
-2.510394911  
-9.23490888  
6.393792096  
0.2609819854  
-4.081885798  
3.371101217  
-3.982522798  
0.004590227228  
8.222443339  
-3.442104236  
1.205659941  
8.570148428  
0.3347123784  
-5.400311884  
-1.439705689  
-7.951404661  
-38.97691694  
0.5897324448  
11.39492508  
13.05120434  
8.938485127  
24.51921777  
2.607099133  
-3.506276263  
-0.6325990535  
-7.371583758  
7.490385052  
-8.09246578  
-2.04769384  
1.41971837  
