2.51653854  
-9.0802315  
-3.060391623  
-0.696309065  
-14.88618211  
1.297341117  
16.52969745  
-8.620945856  
9.132356508  
-1.431320245  
5.786610635  
0.7524952724  
-1.106225014  
-1.525559577  
0.02005031448  
-11.41006678  
8.831999458  
2.466543711  
0.7577639898  
-1.36438759  
4.541171274  
-2.754660835  
2.304821372  
4.582766656  
-1.826625004  
2.760668339  
-6.217364736  
-0.04881276781  
0.1367073522  
-2.771109666  
7.663426901  
-0.2529047077  
3.487890399  
1.402583072  
-2.567184042  
1.626886903  
2.434943448  
3.904424482  
-5.256043676  
4.382995704  
-2.187769808  
-0.3168250677  
-3.69946065  
0.3297494557  
5.60790205  
4.594400115  
1.09535856  
1.238886974  
-4.175329353  
-0.9944534476  
3.272573526  
0.9531223622  
0.3644481435  
-3.190724811  
0.517590605  
-0.5584939266  
-1.364851483  
5.605850713  
-3.432307395  
6.208259204  
-0.109262412  
14.07806556  
3.119493059  
-7.207371984  
0.7001775971  
2.853985258  
3.985840643  
-1.058526935  
-2.157390463  
2.912703839  
