5.973696485  
-4.468279874  
-4.781736709  
-0.7431519936  
-22.08392397  
0.9571994245  
-0.5712859774  
-12.76920394  
15.93185855  
-10.68914002  
-4.243791137  
-1.99812205  
-5.438694182  
10.38761952  
4.639706851  
4.774648609  
-14.5640502  
1.9943514  
0.1448657913  
9.506340208  
4.939661671  
-6.609355201  
13.50722063  
6.22075121  
-4.319286556  
26.04428206  
14.27448246  
9.351638444  
3.568017316  
5.472024963  
1.358376032  
1.762424292  
13.91801489  
0.3635088236  
-4.639026811  
4.11392832  
2.376274519  
1.564046057  
11.37901498  
3.442318867  
3.379798741  
1.590293836  
-4.222940712  
-1.418561226  
-1.57397451  
-6.543481432  
6.350900687  
-4.254651594  
10.60596107  
1.150569588  
3.763058687  
14.34094476  
4.047799374  
2.323433218  
-1.584623348  
1.120490164  
1.989570962  
5.707117743  
1.41033333  
10.36488265  
0.1182019166  
-19.46026567  
-0.3557606329  
-0.4222391385  
4.418581149  
-1.517710021  
17.61709437  
3.178127698  
7.017558844  
-1.365026737  
