43.1736633  
-8.998671901  
-16.70882703  
25.97413209  
-37.64913551  
4.467377888  
-0.4574099422  
24.49355371  
12.95753575  
23.21993908  
23.08844961  
-2.283725691  
-1.306075696  
-3.445935631  
27.21264905  
12.45655508  
-3.860456689  
-0.4419992298  
0.1829542349  
29.60840772  
1.84771268  
-7.843796687  
-7.306848959  
0.670607694  
11.13177315  
2.619848474  
-16.51549323  
8.071752458  
0.877788647  
12.30326174  
-3.372333272  
18.22930452  
5.382881966  
3.456674788  
-7.236407647  
0.5264634053  
13.17842886  
-6.007947991  
-11.47877631  
12.71470744  
6.459124925  
3.887699826  
3.190381529  
-10.45272118  
7.479540253  
-8.080781138  
-4.799185789  
-8.944062035  
0.178321447  
-5.866346637  
-3.170092344  
7.419335222  
9.150987758  
4.945880864  
0.3825227452  
30.58248946  
8.616983773  
-25.45838102  
7.003842982  
26.78089562  
-3.461461657  
-3.438402056  
2.640247878  
-3.249903893  
-7.410143009  
29.06085736  
-18.86358983  
-2.884071032  
60.3116481  
-0.06840093136  
