1.685817202  
-2.054199869  
-3.032016599  
2.0737649  
-8.389400023  
0.1196930715  
4.114616143  
-4.032551273  
0.4940276677  
-0.9387934609  
5.488258767  
3.722963994  
-0.1226765164  
-2.743346611  
0.4073739015  
-2.998415664  
1.894714399  
1.605921229  
-0.49214587  
-3.822892322  
1.541638121  
-0.7598537915  
-5.906771352  
2.359670718  
-3.736666813  
1.09304025  
1.099096709  
1.122887092  
1.536725154  
-0.8201233183  
3.385484683  
-0.6018500118  
1.580765015  
2.463954639  
0.751166001  
-0.5604483042  
-0.3901089128  
1.553310513  
-0.2759977342  
1.751886209  
-0.9918383256  
0.5084868627  
-1.034919485  
0.6772446326  
-0.2395958057  
2.220359721  
-0.1992135293  
-0.287577914  
-0.02522851915  
-0.9827265352  
1.497519148  
0.5148345344  
-1.014127  
2.186319541  
-0.1893204716  
2.832925846  
0.01080426036  
1.969356493  
0.6156008483  
1.639322481  
-1.921717858  
11.18875385  
0.7154357089  
0.4732920221  
0.1052764876  
-0.2678592245  
0.4956893709  
0.1529649464  
0.6153224999  
-0.215874268  
