14.70473921  
7.461023978  
27.0291053  
12.66756701  
-2.68520437  
-43.49636255  
-79.6397976  
-8.832427229  
11.94219145  
35.71513023  
44.26139745  
11.16889415  
16.3506852  
25.12563216  
-16.98152202  
-7.060819353  
-15.90720806  
59.47796213  
35.78876945  
9.145826794  
29.32526993  
-23.85234935  
-8.520056679  
1.288838984  
11.76657621  
-31.00420809  
30.76555285  
-27.58386024  
22.38353952  
-44.53736514  
48.20313288  
67.87804726  
4.684883197  
-12.32148143  
-20.65234726  
6.426971651  
-21.78224721  
2.495462713  
-12.74710358  
12.16980328  
-25.78402549  
23.76398586  
2.45337767  
5.81418042  
-0.9917708806  
-12.37138277  
-17.4259983  
0.2316374495  
1.810572539  
23.75504201  
3.874761354  
-17.86502118  
1.999240441  
30.92524518  
-18.72092606  
3.39038938  
-30.76977385  
6.052267756  
33.89782688  
23.09240264  
-33.19184252  
-1.173800957  
-24.5587251  
33.06885534  
-6.593353544  
33.94104847  
-40.05367857  
-6.679557528  
-89.82030087  
-29.07585949  
