4.75190719  
7.692194308  
-1.001743268  
-6.394414028  
-6.735156867  
9.88456356  
-7.586251035  
-21.75773126  
3.298970073  
-0.9536010481  
-4.627007606  
7.215345343  
-4.374201411  
16.69834948  
0.3233623221  
-8.45624981  
-3.916574756  
0.8495925949  
-5.090250015  
-16.57589198  
4.112862261  
-1.128047313  
-11.95861201  
-1.919672185  
-0.1013529343  
-3.845476366  
4.855862334  
-2.085059488  
1.675370605  
-4.399243518  
-3.263285377  
4.208047223  
-0.8529674283  
-4.691880876  
-0.5905290274  
-6.725553203  
1.355392183  
3.7133268  
-0.4978714228  
-0.8666475087  
-2.86759117  
2.623075834  
3.367296835  
1.47237265  
-0.371860149  
2.453173717  
-1.694680764  
2.141738572  
-1.351158253  
-2.160294336  
2.171560448  
3.201589845  
-2.521541182  
0.1362873963  
2.99852728  
-1.322889275  
14.22160906  
3.584524949  
-17.15489712  
-3.28203912  
-0.8259236131  
21.74549849  
0.2795538008  
-3.437481611  
0.2456495812  
-4.306758838  
-4.779557316  
0.9606398571  
-7.020429997  
2.589446847  
