-11.9667766  
-26.73959517  
39.83927968  
-33.87250317  
12.11392191  
50.52413125  
-10.96200302  
-60.23827733  
127.1370258  
-62.29279829  
7.417726361  
9.355199497  
13.17942228  
94.04024982  
-21.59931614  
-76.66514171  
-69.93936565  
-12.60265266  
26.56796733  
55.58998516  
28.94307712  
-47.73344928  
40.0837188  
-66.43786144  
19.04747591  
-86.1823299  
15.38788783  
88.92615937  
78.38106392  
40.19755315  
36.46390654  
18.40946082  
30.51062772  
30.75855677  
82.42234161  
45.79967047  
26.61331744  
-47.51586465  
-26.41353014  
-29.31549093  
-130.2342924  
15.84045009  
-77.25964644  
-60.60508504  
33.67408834  
-11.82827115  
14.38198299  
-59.734102  
23.14035914  
-41.01129381  
1.801160245  
10.56260314  
-2.311184291  
-99.21720794  
27.39722526  
-59.46454598  
30.78405111  
15.52800572  
-19.63154422  
-48.90278143  
-43.13921024  
-9.161681157  
13.32832034  
-62.16282557  
3.119594837  
-101.6432152  
-53.4619064  
-48.50687666  
41.23819302  
-20.93976838  
15.19176157  
-14.39252062  
28.27326068  
-64.56972686  
69.91194911  
54.53619829  
34.78051428  
122.6520572  
-11.79500928  
