-29.24393253  
-46.18508785  
12.2214034  
-26.74590511  
7.189944143  
-24.86427423  
-5.518707015  
-36.49135202  
4.003810451  
7.423748604  
-47.99038732  
5.990396091  
-62.54615377  
-48.03212461  
-32.25568824  
-43.0889887  
-18.28247933  
-4.679653281  
23.82801363  
-20.67062162  
26.38715297  
-99.56760171  
-77.27970076  
-32.55363618  
-29.0324324  
50.67145146  
-132.8066547  
27.33221938  
-45.6634002  
-67.52375626  
16.6032456  
-42.35339137  
15.31558244  
5.407661907  
-21.11491164  
-50.27602839  
3.649221533  
-19.36244701  
-31.08616904  
-7.125416576  
30.01611634  
14.75811298  
-35.86852924  
-27.18120751  
4.678528718  
-33.90317414  
-4.962007363  
12.43227942  
5.919830161  
-24.49217523  
-7.359927975  
1.330529187  
-32.70264719  
-79.6393813  
-173.2721947  
6.410114219  
8.714149008  
30.03716438  
-56.47973131  
-53.39721884  
-47.93978788  
-14.56232942  
-29.37363078  
-53.99644898  
-118.1236003  
140.6839132  
27.83387806  
-15.75488134  
-63.2380796  
-47.35902019  
-35.31513651  
-22.96235139  
-63.87555906  
-8.667550622  
-123.7606682  
-17.74171422  
72.20704721  
52.98219582  
109.5569754  
