115.695177  
-169.2934632  
22.50727707  
-1.00336704  
15.69735723  
-189.6103162  
71.44037042  
-102.5600004  
-110.0099892  
58.63740059  
-70.85177281  
4.49472846  
-92.82340613  
-168.0697494  
-142.0202074  
0.7276350021  
-168.7025878  
38.32542633  
45.6480613  
-91.93645063  
-230.3311896  
-71.64616985  
-304.9320463  
-147.0017237  
-177.8282101  
-261.6572618  
-79.41108589  
-6.938620834  
-131.7256679  
-46.95117596  
-176.0372551  
-32.02443314  
-160.1001867  
-127.1783521  
-83.63147532  
-104.6716289  
13.99172985  
-8.141240349  
-25.07447453  
-34.9311338  
154.7421566  
-19.91626755  
-59.45348309  
-85.09374679  
53.11149531  
-126.7859378  
-37.88571378  
-88.11129726  
-131.1557406  
27.85749055  
10.1604514  
8.601971054  
53.96905286  
-40.72165493  
2.770328503  
-79.13162033  
-81.85893601  
-329.6551537  
-39.53455907  
-44.00083752  
-30.72239944  
-128.8196786  
43.58524818  
-89.06431163  
115.7216975  
-199.6458307  
-13.33153831  
-121.4238757  
-61.54984196  
-244.857301  
