1.824667075  
-2.432590116  
-19.69799354  
3.304902302  
-22.27866368  
13.98249739  
15.06585509  
1.480036928  
-0.3424736508  
-19.65696458  
20.37132107  
-4.811475978  
3.530217959  
-7.808997363  
12.56875408  
-8.549865744  
-4.183033731  
-2.370257645  
-3.824346274  
26.50419178  
11.91386975  
-4.677885296  
3.592846582  
9.759795781  
-14.54051129  
-8.066287991  
3.147639823  
0.6414791446  
2.949393016  
4.462290638  
3.636392197  
6.980218375  
-8.975042237  
-6.376218984  
-8.314098482  
4.251711196  
-2.222682984  
-2.357854254  
-7.337809607  
1.729150537  
0.173406292  
-5.04021981  
-0.5106497119  
4.347495508  
10.66978958  
12.76488613  
-2.225551936  
-0.1340105109  
2.400976513  
-5.399876828  
0.1446720069  
12.58156512  
-6.33769798  
-11.60857599  
-5.561611004  
-34.05728501  
37.32440731  
-10.13592248  
6.466576144  
-12.07576908  
-1.837960012  
-25.57679244  
-2.629617705  
2.114531993  
-3.760650946  
-5.62093158  
23.1742303  
-8.766610086  
1.639593888  
9.598032592  
