5.652968387  
-5.2057091  
0.9111287892  
3.611929214  
-4.036327978  
-7.315852322  
10.18605329  
-6.840439346  
11.56118544  
19.49509593  
-19.89534454  
-2.875650883  
-7.995367554  
11.01057676  
-10.44078532  
-7.045945649  
-18.49240618  
-8.834458136  
-5.18985589  
12.86018783  
-1.600652787  
-1.863323529  
20.54205262  
-4.900024797  
-6.400642833  
13.81993498  
-13.05160433  
11.39093011  
-3.405083821  
-1.979368359  
-3.594259962  
-2.432345524  
-0.7541843553  
-7.960647419  
2.393334744  
-6.374778016  
-4.987088929  
3.500677686  
-7.323962864  
-3.066286112  
0.563413847  
1.473749136  
-10.00636914  
-7.637444578  
-2.910804013  
10.86684258  
1.975018355  
9.173144013  
18.39863985  
5.727951936  
-3.236411149  
2.354225268  
-1.442794413  
11.7539101  
3.624208196  
9.569089492  
-9.941250227  
-0.5423117376  
-10.96479199  
-13.15057069  
-0.5611648918  
-27.46863684  
-3.706757176  
4.691455853  
2.84131443  
-2.216135215  
-20.93992006  
-1.316429749  
19.71190611  
7.19415166  
