-57.34963307  
-99.80283527  
-23.29163718  
-62.81411275  
-42.6683306  
32.74385056  
-193.7289931  
-20.97842022  
101.5280801  
114.2200243  
8.88522516  
5.135371053  
-36.7300904  
18.29863034  
-101.0422095  
-58.73507121  
-108.4895679  
-102.2734967  
-18.18841143  
34.09252057  
63.43263474  
-155.1866428  
-4.204574126  
20.5005739  
-165.1205485  
1.573541451  
-33.90361559  
31.92577041  
-70.89558239  
-18.54320951  
29.4910944  
-89.5884171  
-0.4752672195  
-32.91176836  
-31.72177331  
-99.28939507  
39.51154022  
-89.19937654  
17.89074614  
24.88362558  
38.82866238  
-47.93103989  
-60.87916903  
-50.55369068  
-141.7797394  
-69.00316734  
128.1426777  
-5.303283501  
-30.74666448  
-70.06422081  
23.14244681  
76.51330652  
40.23341742  
29.86327595  
209.7988491  
-107.8370779  
-154.3470029  
-27.05078459  
92.29665937  
18.67523191  
110.61311  
-62.262169  
26.13007174  
-81.8531354  
-34.47392323  
44.89749855  
-60.19188176  
-124.0394156  
-61.99957991  
33.31707207  
