1.365202668  
1.613172178  
1.252912979  
9.363005042  
-2.982884271  
1.265459508  
1.490515558  
-0.1141253829  
4.702764459  
4.916433859  
-12.81920198  
-0.5931254705  
2.354271097  
4.725577781  
-5.199749776  
6.704619789  
3.821744489  
-1.905964967  
-0.8576704326  
-0.5850691279  
5.508466936  
4.919255503  
14.87088676  
4.13229821  
6.543816399  
1.316088025  
-23.90999547  
0.6344169192  
-0.4086368778  
-2.980567851  
-8.137737229  
4.441561386  
-1.245048469  
-3.596832342  
-0.3121070454  
-0.9060448964  
1.690521163  
0.5149538973  
2.275282324  
0.2038064077  
2.102237873  
1.96530869  
0.3160261581  
-1.295132095  
4.238916314  
-5.314293186  
-0.4960104063  
-0.3005197997  
12.54634573  
-1.722656461  
1.964488314  
5.125215479  
0.3833359859  
4.198671663  
-0.1304793348  
3.127757005  
-7.440098071  
-7.146441084  
5.065267493  
-7.331359341  
1.772282622  
-4.813730776  
1.117519527  
0.2901885046  
-0.8226259936  
0.1526175121  
-10.46485179  
1.962123169  
0.2262890597  
-2.733754764  
