2.216694191  
5.246706878  
-1.70322367  
-0.3673994584  
8.855566258  
-0.3774652323  
0.6395345418  
-3.385972118  
-1.320265656  
1.441415231  
1.105439205  
-0.4018977677  
0.2340958951  
-2.161106277  
2.51361693  
-1.612177994  
4.402992013  
-0.3890599474  
-0.4934047542  
3.350413335  
1.616076564  
-1.182225646  
0.8346055339  
-1.11745892  
-1.749284951  
2.553578715  
-7.716345111  
0.2905913341  
2.190315899  
-1.670894551  
0.2148640898  
2.864019299  
1.325825986  
0.4952182701  
1.328966972  
-0.1805590254  
2.219687051  
0.9217886855  
0.4536809259  
0.9292144021  
-2.034383559  
-0.3908030177  
0.3054297594  
-0.6508597531  
1.427665635  
1.043910735  
-1.276145228  
-0.8203850824  
2.43524019  
-0.07255705318  
-0.5707805868  
2.641973679  
-1.801774452  
-0.0458588139  
0.6922374144  
-0.9375119179  
-6.663417272  
0.134139474  
0.3645201051  
5.427042655  
0.4148811805  
-1.271321673  
-1.386910409  
0.07634828629  
-0.321170534  
0.453295676  
-1.949872826  
-0.8245501338  
0.1344051481  
-1.411620522  
