-13.82988527  
17.09905119  
-315.5537624  
53.21008522  
22.35556364  
-118.9121518  
9.018929911  
10.91075969  
-133.6955236  
84.82872286  
-6.051929903  
-122.7889434  
-115.5284718  
-169.8329187  
304.143709  
-159.3503681  
144.3354001  
337.9029566  
219.7229795  
43.91297535  
12.42710462  
90.63445771  
45.19627473  
-32.64411702  
45.95215201  
-115.2030281  
-28.26021256  
354.5921082  
-70.07323173  
24.32541791  
355.9981753  
-41.3358851  
153.527488  
37.4059273  
124.9355721  
15.73048  
81.6070822  
119.2151978  
-1.794916868  
-176.4482368  
57.02776842  
-32.50514915  
-76.12495213  
144.5865741  
-53.90949144  
-494.2978683  
-38.22844021  
131.8166313  
86.63180782  
100.4017766  
20.78808919  
-182.3487354  
55.28474865  
-54.72642355  
193.9006369  
-45.89707737  
90.44651413  
-36.57654321  
-71.68139296  
74.76850338  
-175.3031942  
170.5650692  
54.06556187  
306.2389191  
-156.0547709  
-78.77826493  
37.61180553  
42.1020534  
-35.5073143  
-134.1379169  
