170.9666166  
-92.95391231  
-360.576622  
-67.90818861  
-121.1161453  
141.3309698  
-238.7502352  
25.49448383  
95.98126364  
-278.7301777  
-250.9492238  
-143.417072  
-262.4546448  
-232.6070196  
-232.6791281  
-257.6237747  
-275.4546144  
-198.5594117  
-182.9067692  
-177.478158  
126.3468843  
-60.36571441  
86.27373266  
-262.8921741  
-27.95751714  
-93.62203703  
-758.3290743  
-242.7578146  
-156.0304806  
-76.57756388  
-195.1391593  
-16.25140438  
-231.0569714  
-84.78066778  
-95.22997851  
-244.6888118  
13.70300097  
-9.259478442  
-47.23612343  
-171.7320066  
-121.1287181  
69.53023915  
-105.1921899  
76.04466314  
-547.9890167  
128.1836701  
-108.1988677  
6.278374577  
-72.8345026  
-146.5313357  
-3.388235378  
388.1994923  
-118.1953854  
-345.8179443  
-184.3058233  
104.0939526  
175.4044331  
-46.52127371  
289.0852676  
-77.81274907  
-128.5643045  
-30.63322611  
-273.6562794  
14.74375656  
-206.5823536  
-366.4750746  
123.8705227  
-122.2241798  
-199.6677352  
-53.36163664  
