54.05329987  
10.83292962  
-66.5242884  
-21.06625403  
50.39593917  
17.6232373  
10.89357571  
100.2031904  
-39.68075279  
14.8254725  
-20.3580641  
-2.524724541  
41.56583762  
131.8611236  
-78.47682751  
37.23023821  
47.5390287  
-34.40917269  
-25.65923079  
29.32958176  
11.65449824  
62.1580792  
-19.52107586  
-26.18814474  
58.43593613  
-46.57429369  
-49.93949356  
-45.9038957  
-79.21857579  
-34.70851317  
7.81331082  
8.441902069  
-28.59395779  
10.15915334  
-39.48489216  
3.699291574  
-30.75191357  
20.37314519  
-61.77495549  
-2.616608147  
-62.80573825  
25.32770418  
3.712221549  
-28.40365996  
10.64671937  
-5.908015774  
50.2447942  
18.90428776  
7.008857337  
-10.72411711  
-24.59650763  
-45.46167044  
-5.85892741  
28.79778422  
-5.107896287  
26.37824855  
15.72642207  
-12.96863086  
-0.07960974253  
134.0405332  
10.90549007  
6.852797359  
-38.80793225  
38.50396165  
-19.06409483  
0.8366933104  
-80.6980285  
81.86353884  
8.44487453  
-54.40146741  
