-5.509973947  
-4.97631371  
-3.529451911  
9.922430992  
10.55805392  
0.3893697262  
-11.21664102  
-5.406231833  
25.22321784  
7.272200775  
14.3587695  
-13.24240912  
-8.232328463  
10.55486568  
-6.617274475  
-8.983162516  
-15.56886217  
-7.373112551  
-7.877820551  
5.197253219  
-5.473339834  
-5.213933313  
-4.67134578  
-4.849777555  
3.979662561  
8.578229813  
20.81425209  
9.542391809  
-1.790291724  
-9.709648005  
-10.07465341  
-0.3902704914  
-1.09989391  
1.939443296  
-0.02496715188  
5.593910102  
5.180471965  
6.447555288  
5.923890557  
-5.788075852  
-0.4496908193  
5.117550965  
-5.994417121  
-7.799838269  
-8.021554558  
3.284954611  
1.834592153  
2.320486953  
-3.722620956  
0.1210075522  
-1.853195977  
-0.7107716251  
-2.17462523  
-7.160553686  
-0.03580387433  
30.74463161  
24.24388053  
-2.665716088  
-5.474956576  
24.68315161  
-0.7852074751  
-20.43513683  
-8.678388991  
2.796281807  
3.454880406  
-3.512900092  
-1.726388081  
-0.8024984121  
8.095689837  
7.644430502  
