16.19013325  
-101.9579294  
35.96121036  
-62.30664084  
71.21453422  
12.80011177  
-94.17091918  
-39.68275314  
-29.42610746  
65.95943218  
-54.35472037  
-27.88643604  
22.09837552  
-12.87668301  
-39.74158176  
-55.05761366  
-98.03468757  
33.20289675  
-13.88649294  
91.52021835  
-39.92156787  
27.24576497  
-43.49458457  
54.54546658  
-41.5589779  
51.68172084  
-91.58814918  
-46.475745  
-47.36487463  
-41.59811066  
134.8657898  
-159.0739566  
11.55157725  
-14.56796784  
-38.15114437  
-3.747068299  
-4.279584143  
-3.577339619  
14.54641117  
-36.6584245  
3.50679885  
11.7389354  
27.73237405  
107.1371794  
-60.88467828  
40.85821814  
-81.27288898  
20.13894206  
-5.098672416  
-2.845224645  
23.38463508  
31.88428942  
28.69564652  
22.00044142  
85.40205575  
-133.8761372  
-40.85904349  
-8.275813719  
42.10623005  
67.44092994  
-13.48173428  
-13.15077302  
-11.54797518  
77.78996076  
175.0826546  
-67.75971238  
113.7967723  
-256.8965316  
-125.8207715  
10.76874256  
