23.76393483  
-4.207937571  
-3.028213713  
-11.75673138  
0.5000559226  
-1.205007216  
1.837174109  
7.217339823  
-11.42801187  
-2.128805896  
-2.105166501  
5.020094912  
-2.113074912  
-19.2294999  
-1.772522862  
-1.890381575  
0.1537375398  
2.108216872  
-1.717032758  
3.759324328  
8.16996146  
-1.703453243  
-6.423062579  
1.495580921  
3.34192532  
1.864768221  
13.28171951  
-1.239590059  
1.737123214  
0.8597142603  
-5.973351148  
-1.5267893  
-3.222287065  
4.149347109  
1.514339192  
0.7483649462  
1.494004707  
4.570578037  
2.653682761  
1.33697492  
-0.97348212  
1.045083385  
-0.5696507785  
7.905239516  
-3.931608221  
0.9037781712  
2.129774201  
0.7693058871  
-12.77048038  
-8.125992578  
-2.177563254  
1.184509314  
7.013491851  
0.2978735015  
0.08830941468  
-6.425141186  
-24.99025272  
7.771690223  
1.939819086  
-0.1569589496  
4.450226294  
36.87566917  
1.36097475  
-0.6271461241  
4.069092321  
-0.6835387528  
-2.025902003  
-0.7429113269  
8.76501022  
2.313770448  
