45.14247342  
22.93581005  
-19.53189112  
-31.33892119  
18.24142529  
4.722004466  
-22.82845883  
2.212929091  
80.79531762  
-33.81216413  
16.81238805  
18.62843567  
1.443702888  
-120.6517481  
-6.505434766  
47.37187395  
3.163836286  
-24.95494299  
14.72971111  
-16.18409444  
-39.7720715  
-0.5564004922  
-26.46216336  
58.93598061  
-2.353449294  
23.30922553  
-45.72762384  
10.84527875  
11.18601193  
26.16005069  
-24.11472271  
5.138187889  
5.32451415  
0.163254568  
27.83139206  
-6.921016459  
25.92107673  
-13.29862928  
-30.62232039  
-3.879029134  
17.65598212  
-23.42787681  
-16.57622139  
33.47980991  
10.44572426  
2.543353726  
15.23172456  
-24.27694557  
1.695071134  
41.40071731  
20.31721922  
-20.38364021  
-16.83322567  
-14.07016344  
-35.91222034  
-0.05953166008  
32.32519112  
53.01137623  
25.21442478  
1.601881909  
6.991314597  
-10.28634248  
-20.70026877  
33.24612872  
80.75964367  
2.941524343  
55.65451497  
10.78785871  
49.47338531  
27.86908668  
