-16.3329198  
10.80683323  
5.405744575  
9.976298118  
17.29571118  
15.07260365  
14.99328019  
11.78512491  
-24.55507379  
26.2516448  
21.19212801  
6.022032933  
-1.708945218  
-10.46789104  
-3.619159673  
-18.36330229  
3.142706102  
-0.008642492623  
-3.379248931  
4.241666845  
-3.334368263  
16.63742964  
-7.034417271  
1.247132888  
-6.777257015  
13.77238932  
-3.29113823  
-3.007897205  
1.443855338  
6.550249083  
17.9091716  
-3.166036664  
6.550919742  
3.333558888  
-0.0009475984964  
-20.42508563  
0.8485684107  
-3.8375704  
-10.31789516  
-2.598741189  
-2.398095424  
-1.278361569  
14.89414904  
5.08881089  
5.102909832  
-8.676908455  
0.9831129837  
5.642356651  
-5.429505537  
-10.50812044  
3.3045329  
-4.782646952  
-2.379463763  
0.2211456203  
-0.1718983979  
-28.01614564  
-13.1688259  
3.819320135  
-23.74051855  
-5.007968352  
2.306438576  
34.30124957  
5.058951876  
4.606987084  
-5.200219359  
10.99988961  
-6.699868215  
-3.683811475  
-7.821313409  
-1.536458234  
