2.027424049  
-0.4695786476  
-5.31765213  
0.6197301388  
-6.578431702  
-8.203979492  
-8.301456451  
10.98487778  
-4.94932785  
0  
2.034022713  
0.8653037071  
-2.052137947  
1.063244343  
3.176599121  
-7.676436615  
-3.080291748  
-0.009674805403  
4.222977066  
2.737902832  
1.070136452  
-4.177468491  
3.903794479  
7.678491211  
-0.2969976425  
1.293248463  
-4.241828537  
4.104031754  
7.723230743  
6.169368744  
-5.75840683  
0.02443965822  
5.336059952  
-2.488009453  
-7.624206543  
-1.24219408  
-1.439701462  
-2.717657661  
3.032494926  
-4.944638062  
-0.3090153933  
-3.177288055  
-2.692261696  
-4.505869675  
-9.458481598  
-3.683983994  
0.1738278031  
3.78855896  
-0.6726648331  
-1.066117859  
-1.510505581  
-0.4682506084  
-6.605026245  
1.426048851  
11.53210678  
0.2469460249  
-3.028913307  
-6.135939026  
3.631424332  
4.23992424  
2.256308746  
-0.04766187072  
4.519181061  
-0.2511553288  
-8.945359039  
-1.461646175  
-6.571936798  
4.928863144  
-4.293314743  
-8.791453552  
5.095283127  
1.790911674  
4.414731216  
-1.932030487  
-7.380722809  
5.428839874  
-4.38337059  
-4.676705933  
-7.41829834  
