23.69835349  
1.632327763  
-32.83534486  
22.09927845  
57.66575273  
-10.38229982  
58.09942665  
-5.515576942  
-17.72059994  
0.2769117957  
-23.35275856  
-13.10485147  
50.43701167  
25.11670373  
-3.892993614  
-39.51279501  
40.69539763  
-22.10217622  
-9.799517729  
-3.651039493  
46.88316574  
33.88594574  
-9.243273465  
-72.74011717  
-32.49116853  
25.32666336  
52.92300649  
40.13831629  
-33.89229371  
-20.85942507  
-14.79573752  
26.85605931  
70.10758975  
59.2308369  
-2.799592323  
-70.82389965  
-30.7348756  
-19.63511521  
26.12245559  
-3.576106278  
15.61571056  
-19.98027408  
12.5474994  
7.217041573  
36.89610826  
162.119879  
-51.29519493  
6.904441239  
17.04466789  
29.68182802  
-21.26673959  
3.005506902  
19.64649206  
-41.72914307  
-43.7969859  
-78.56635677  
87.01446262  
-93.78022472  
22.24943993  
-43.85951683  
-45.56325753  
93.25845563  
-30.80888166  
25.82763826  
5.682006728  
-4.749727133  
88.12711199  
19.73203885  
-17.01381475  
44.73859769  
