8.132512608  
7.969791462  
14.66068386  
-7.761867732  
-7.106033629  
13.15610106  
-1.988618495  
-15.15199883  
1.590425172  
4.22048657  
-2.844637722  
11.25847404  
-3.012344697  
3.491579783  
-1.782435103  
-2.619662213  
6.793864518  
-0.6117752574  
-3.330748306  
-6.528037083  
12.90172572  
-2.721092236  
-11.74017497  
-0.449471131  
1.281443247  
-0.9435791157  
6.294081706  
-0.4353356645  
3.480841459  
-5.110920411  
-0.7949238539  
7.050670028  
-0.7257386036  
-0.4104438556  
0.1076767147  
-6.544094574  
1.36312401  
1.864565051  
-0.4675073169  
0.1180484841  
-2.260906137  
3.601810439  
1.006933409  
1.620188267  
2.683382512  
0.4279211465  
-1.026951531  
1.735053431  
-3.072918133  
-1.098057383  
2.10876624  
4.602720843  
-0.3696163154  
1.582465822  
3.629608361  
2.537225163  
14.84012842  
-1.397220004  
-3.928287035  
-4.244865257  
-1.941939214  
-10.82297802  
-4.172306372  
1.022273519  
1.850811414  
-1.731787409  
-4.188550697  
-3.098793872  
-5.694509439  
-0.1527874133  
