-0.7985966465  
32.64507447  
48.20855281  
53.28537789  
61.76405338  
-35.57325256  
23.60578042  
34.56341623  
59.32507561  
49.20258766  
-32.12085279  
7.667585531  
19.63040813  
31.7068025  
37.98536295  
-20.67593563  
61.08424333  
104.8879895  
53.9311249  
-62.13529032  
19.33540982  
34.97632056  
18.22684218  
13.66787106  
-16.31922168  
55.4054201  
99.98530663  
31.87384495  
29.65994206  
52.91281131  
-6.341704882  
12.88822023  
-25.71468207  
59.57323356  
6.691555661  
27.48622275  
64.10820015  
-21.82180885  
91.11587688  
6.090002971  
4.683744159  
17.59903906  
57.90037603  
33.02674583  
12.53902711  
0.1534767099  
34.69612174  
24.95187218  
27.96650746  
23.12156438  
-5.649094434  
28.67130487  
72.69430004  
-23.23091572  
-49.10644533  
-56.13082735  
54.84647836  
32.48953324  
99.94322548  
-17.17181796  
-50.03562356  
156.7227741  
19.20691969  
67.35466262  
1.026796596  
-35.77163393  
75.41642328  
127.6088352  
-50.59355404  
122.6429289  
