222.2365709  
176.5466911  
-27.18373726  
-44.21344848  
-20.38113064  
26.02901405  
41.73334914  
-16.98801  
77.88997616  
-119.9758303  
133.4188558  
12.78374843  
-25.60055861  
-64.93445593  
28.38395909  
-96.48890059  
251.0865509  
-27.50338452  
39.19167982  
-11.07392222  
-93.05863648  
-6.299072691  
-80.02624445  
78.70670859  
-91.66805553  
57.8333551  
40.55628084  
-99.17663257  
22.30689072  
-4.05933636  
107.0220444  
15.32812375  
-34.11557655  
-25.78409759  
70.54851875  
72.84519322  
4.867903844  
-42.73006328  
14.70419301  
-40.9839096  
27.95678038  
124.5557872  
-10.43816742  
-22.53164119  
77.77768882  
-109.1159276  
-20.80174544  
-121.5581392  
122.5430034  
-55.69925045  
59.76562926  
133.6118022  
8.04557892  
-22.07590158  
-66.24241859  
41.90446562  
46.89559315  
-60.45339766  
144.3685308  
-16.70592744  
73.49495925  
324.527512  
-48.74064146  
-72.41840147  
-8.020323805  
95.04977415  
213.8357756  
82.78724374  
116.9979834  
119.1738228  
