-1.244250629  
2.345056785  
-2.749824537  
0.3651110282  
-1.842746355  
0.2608151186  
0.3311129376  
4.710435378  
9.017791496  
-1.213254336  
-8.632908883  
2.063094301  
0.5675805048  
5.013308442  
-1.165604624  
-3.886516784  
-2.132507454  
-1.111058555  
2.698205055  
-4.725162887  
1.783939201  
0.9144564252  
-4.88937555  
-0.9113133658  
-5.391026571  
8.180768926  
-3.317122629  
0.1988195018  
0.01507299199  
-0.6444495547  
0.2744153018  
0.3892160959  
-2.838549981  
1.119239545  
1.141776098  
5.811868117  
3.254784408  
1.375830119  
-1.115792107  
0.7509378154  
-0.7515381244  
-1.36383217  
4.172485424  
0.3559743371  
4.008547214  
0.7450626442  
-1.526608689  
-0.06948780916  
5.505452096  
-1.033140812  
-2.69672732  
-0.332402687  
-1.903138614  
0.8529946346  
-2.060241137  
12.83781393  
-7.223273202  
-5.585874501  
-1.062264331  
5.612144058  
-1.178962183  
14.06715767  
-2.489971742  
1.477769016  
-0.4480261561  
2.203968691  
-4.03441498  
-5.268352749  
0.5731864461  
-3.374164851  
