42.6383933  
-3.17625477  
13.8331942  
-63.74817763  
-57.0096533  
-6.058939317  
43.93336857  
-17.9548113  
46.47144135  
30.9499784  
-19.62121878  
-2.008051012  
-45.95728296  
-126.6791469  
-32.17529287  
11.70417291  
27.80030737  
16.39512598  
-19.24959995  
-19.81913976  
-106.488414  
-41.4675565  
-24.93484492  
30.44444253  
-28.92414793  
139.6200013  
30.32882315  
-100.943692  
54.1486335  
-6.764368363  
-35.33969337  
-10.35176219  
39.34969075  
-134.601422  
65.05758976  
38.11915395  
-57.56071321  
-16.27485296  
-66.63261608  
72.77514753  
-19.04364589  
60.46802479  
21.97988314  
-11.07929716  
-2.476314149  
27.54449147  
-53.58673615  
-55.13476102  
-4.90451571  
-49.41123158  
77.33398753  
7.831080567  
17.86844101  
-37.63006638  
-93.27266387  
-135.1903386  
135.7360293  
97.15838538  
70.65045076  
-46.83662391  
-99.15126147  
41.77788846  
-36.46109319  
50.15722874  
80.62548912  
-43.30759314  
-22.37740465  
-108.7956255  
112.201173  
66.3855179  
