12.95345769  
6.761269333  
6.653797683  
10.20703326  
-27.09087684  
-4.307135753  
4.122180665  
-9.312712697  
-9.458222383  
-24.23374597  
9.137790389  
-4.090833014  
-7.351976784  
-25.47604869  
22.763395  
-20.4455011  
-57.14725584  
3.728802412  
0.2481654408  
10.87740688  
12.72342718  
-11.68196399  
21.16040093  
1.655548724  
-19.39186458  
-10.69587967  
-9.195550459  
5.98184923  
5.464135312  
5.840610162  
1.341326338  
18.54935018  
-5.726176239  
-9.806013721  
-8.09382506  
2.063306755  
-2.08746267  
-0.4246586379  
-4.14006879  
9.533948662  
-0.500255424  
-5.877620733  
-1.245017452  
5.824617415  
9.525534457  
10.36591575  
-7.923602537  
1.292014622  
13.54055877  
-4.000286671  
5.969895036  
12.14596149  
-3.501245569  
-26.59783983  
-1.346284904  
-23.07839891  
-4.211498799  
-9.657675155  
-0.6159751041  
23.06719636  
-2.46479514  
-15.71140408  
-4.874145974  
7.721410002  
-2.625914729  
0.6894544704  
16.23870933  
-13.48895088  
9.167046599  
10.96565019  
