31.85956153  
7.496738486  
-31.45709135  
8.629776245  
-33.23963342  
8.249772265  
37.21281536  
27.32398246  
79.07440965  
-12.6251736  
-10.69990482  
-0.05214906646  
-9.964871471  
-32.09259008  
-5.198783093  
48.62688378  
29.25366692  
17.8069321  
10.30005147  
-45.75842237  
-41.50139886  
-7.091855775  
23.11631673  
9.853052121  
-32.10540991  
18.6981738  
10.3572164  
4.352669591  
35.68798184  
-21.03035561  
-19.02777784  
-22.37912463  
-17.86853724  
-25.75871384  
7.170598893  
0.6285494119  
-18.75672825  
-17.61049339  
-28.0584117  
11.85692497  
17.67825728  
-11.26617409  
20.13403521  
-7.069067661  
6.775328898  
23.64110588  
-14.77004093  
27.54971556  
20.65329003  
-18.76797657  
3.011395058  
-8.5196868  
15.15017246  
0.8402109639  
-39.13174887  
-28.5521737  
37.62581026  
19.92800007  
28.70184894  
-77.54864823  
-9.497460409  
2.730071937  
26.59679471  
18.04990817  
62.35655  
22.72828792  
-9.589857221  
-16.04190005  
60.92368316  
-1.499927033  
