1.406695979  
-1.08867477  
-6.655044979  
1.071722958  
0.1526911772  
4.847765264  
4.095734782  
-4.047866492  
9.27389099  
-2.038429954  
4.53336975  
-0.07702426311  
-3.090260366  
1.787921669  
-5.162315729  
2.702906447  
0.3211651454  
-0.1593104492  
-1.515337626  
6.579712505  
2.192118023  
-1.078029778  
0.1247730972  
-0.3372282592  
-4.507059419  
0.5107830538  
5.14534125  
4.54594741  
0.922336257  
-1.218424796  
-3.959801497  
1.472179884  
-3.207898839  
-1.356120948  
0.1085515013  
0.6798651159  
0.2672841599  
-0.3557883183  
-3.004188253  
-0.3987894474  
-0.2208106884  
2.101028515  
-3.499437438  
-2.530765844  
-1.920359897  
-0.4532980307  
-0.5608191322  
-0.07690004271  
7.039066604  
3.075664554  
0.2822027386  
0.2042780613  
-1.264084088  
3.148287886  
1.268671787  
-1.712293466  
3.004271302  
-2.757091441  
1.599202463  
2.478084485  
1.222208398  
0.1961643136  
-0.4191940559  
-2.380217742  
0.4281453675  
-2.866964932  
-3.42611501  
4.983624562  
4.062790706  
-1.668159513  
