-1.267428822  
18.92685982  
-3.427551797  
-4.3863005  
2.181171477  
1.701370643  
-5.277096925  
0.9322609391  
-12.53158232  
-22.47784008  
13.22777338  
-2.8327068  
6.817893037  
-14.60144254  
2.483263303  
-3.989052009  
27.64561283  
13.98892603  
3.912232365  
-23.77274055  
-7.392987861  
8.073405331  
-31.41290319  
6.683485086  
10.70688804  
14.91536517  
13.69885234  
-5.283140068  
3.410687199  
1.660313058  
4.273134291  
-1.043652244  
6.178654576  
0.3022752427  
-8.077832956  
7.834987906  
10.22983813  
-1.864663249  
7.720444142  
-0.4770760844  
-1.449662296  
-5.289028564  
12.40256598  
2.456639995  
6.90810027  
-7.971939678  
-5.497604016  
-3.378941891  
-11.62524502  
-12.6623221  
5.476758654  
0.589491043  
0.3772346257  
-11.28470253  
-2.681217338  
3.147867171  
6.901982289  
4.666906244  
-0.9413111623  
20.58977534  
6.728962813  
31.36210629  
8.347842944  
-0.535326137  
-5.042761928  
-3.135071545  
11.3119426  
-6.540457217  
-16.00412589  
-2.787920682  
