26.77083073  
-23.36506897  
-55.82133045  
16.71685004  
74.48586216  
23.53916072  
29.55995903  
46.04948298  
-61.40754484  
-43.5462547  
-11.5158226  
-3.683259265  
22.62221882  
81.48995018  
-13.14609584  
-14.58253118  
34.27493499  
-5.993784332  
-110.6502571  
-29.57483489  
-4.880270004  
-61.59760144  
27.33039503  
15.99089305  
14.91847986  
-58.15421003  
-11.66353582  
-149.1317167  
-42.08853084  
-33.92272019  
-23.16474609  
-46.60134212  
39.96543862  
-30.00083292  
-53.8477433  
39.65501044  
-15.89283236  
6.285691516  
10.07013959  
-15.7568563  
-6.460991923  
25.34335877  
8.518758248  
-37.69165436  
6.965494823  
-65.37470194  
38.71049652  
20.94820243  
-23.30351478  
-27.14431179  
25.49404389  
-19.39186185  
-27.49601854  
32.6216958  
-28.19207246  
96.16349099  
-3.988950094  
126.4343659  
-73.81994197  
32.72198884  
10.66024144  
0.1536240896  
-49.41309632  
-48.1976282  
30.47402822  
-62.39481449  
-66.45998403  
67.2048193  
-30.99651655  
-99.00794601  
