9.264133026  
13.5371682  
-5.563747393  
-6.393569052  
-29.22712051  
-4.901620918  
-2.952832116  
-21.76484583  
-8.093586339  
1.457556478  
-2.845333955  
15.66833053  
-2.852832937  
9.61557134  
1.140162485  
-6.962247055  
-11.73693217  
2.769438814  
-3.932086815  
-18.95236124  
4.924933487  
-5.895907025  
-7.494620108  
-6.571956899  
-0.08381047265  
-4.79485431  
11.2655502  
-1.833323215  
1.109478135  
-4.507200519  
-10.79990601  
3.907015461  
0.5711828371  
-1.791626708  
2.153022276  
-11.21225803  
3.945879255  
5.133523345  
-0.1318167481  
-0.1514068511  
-1.703518135  
2.336635941  
1.811068207  
2.70612814  
2.485370613  
6.712699311  
-1.127628525  
1.145814872  
1.957019161  
-1.644441559  
3.035129644  
3.408251375  
-6.600653728  
-2.588616958  
5.675690849  
6.147868567  
15.53216619  
-4.009952224  
-17.09477156  
6.1942511  
1.734652064  
10.36272663  
4.141618366  
-5.139713618  
3.540303303  
-13.08001308  
10.32659854  
-7.096164534  
-10.55020432  
5.031430918  
