-1.568116834  
6.077266744  
-0.6693561448  
0.5442373355  
6.388802279  
-1.755394399  
3.057244463  
-11.19461911  
0.8616794904  
1.885129211  
0.3129029095  
1.365978523  
-0.2694125533  
0.1844223507  
2.403143446  
-3.446113806  
7.589310004  
2.980238317  
-1.158498927  
-2.020245164  
1.880903625  
-2.86106716  
-0.3841245444  
-2.284561156  
-1.733680685  
6.446326716  
-5.905333624  
1.47023519  
4.101465122  
-2.261843967  
-0.004890290909  
1.729828102  
2.596481443  
1.598239511  
2.409647854  
-0.544502855  
2.004148094  
0.8138101809  
0.3059333182  
1.467311542  
-3.44122349  
-0.02942703154  
-1.581987764  
-1.171775353  
1.771191927  
1.630021957  
-1.980438519  
-1.093997975  
0.9831505527  
0.1976842791  
0.1690782786  
4.294418173  
-2.122972048  
1.989685425  
1.319718815  
1.086947926  
-4.676296914  
-0.3499969927  
-2.999277894  
6.657836765  
1.125034695  
2.154022185  
-2.406519442  
0.07805577803  
-0.4733685769  
-0.02281127084  
-1.531800117  
-0.6763220388  
-1.575782807  
0.7597065771  
