25.62803832  
-7.293080918  
56.15653894  
-50.44529385  
46.13371288  
21.65422045  
4.744113149  
43.23169714  
42.04672543  
8.162234288  
-32.40850336  
1.992981058  
33.50207923  
-5.837145188  
-5.862942195  
11.94714412  
5.04357338  
21.73277491  
2.475612674  
-22.04220148  
-63.29848056  
-24.38922856  
-15.31961376  
40.16394229  
3.444032822  
-28.23767315  
4.663662322  
-7.928119145  
12.02930443  
-16.87519524  
-35.31420793  
-18.73959671  
17.56476395  
-56.45980707  
-24.31671301  
23.88324591  
-6.666749934  
4.389895045  
-25.68968816  
29.56833876  
-26.13085543  
-21.46252505  
-2.690694387  
-29.92066704  
8.321912958  
0.3723851462  
24.47808015  
-24.97510117  
-33.55696133  
-9.952923138  
25.26580023  
-21.7577589  
-1.146661159  
11.88801641  
-55.17123015  
2.807121485  
-4.631967125  
46.58701163  
-51.75274493  
36.83297446  
-29.93639006  
33.20772055  
25.02375472  
16.57342984  
43.78131925  
-42.88691058  
-39.71019072  
38.42184363  
26.75912206  
-2.354036439  
