-13.65601407  
24.88785807  
11.46330298  
-17.89253962  
60.69946449  
-16.22437578  
2.435021599  
18.97517235  
0.5720195638  
-41.46830871  
7.863883509  
-21.44100698  
-3.195214285  
23.51284279  
24.57687345  
-23.54761288  
12.6662913  
-4.045417243  
17.80876238  
-21.51705302  
7.543841183  
3.768744677  
8.11713722  
-1.714311335  
-4.816357957  
6.834868007  
21.56820406  
7.007297037  
5.594703866  
9.730204986  
-13.64330317  
-3.261925803  
-6.154603349  
14.99625639  
-2.149080975  
11.49925045  
14.00800598  
-8.503730079  
-0.1510312425  
-14.07427971  
1.949431873  
1.768353413  
7.410858952  
-23.25298548  
4.932946576  
-43.72838015  
-4.427998478  
-19.06673214  
-9.761974295  
-1.287756185  
-3.062832602  
-4.635064787  
-9.968509893  
-7.260064188  
6.442475978  
68.48277765  
91.40461265  
21.27557017  
-13.64038057  
-8.085803959  
1.857083029  
-46.23821858  
-2.321540058  
-5.495639073  
1.164421643  
-3.976303763  
33.07104984  
16.34123215  
24.89899825  
-13.01631322  
