-7.023887074  
3.803024394  
-1.949252195  
-2.660858062  
20.7359689  
-6.629037513  
-0.3320357833  
-1.622305194  
-0.4148484253  
-6.977814084  
-20.37499826  
2.069109338  
-7.103058563  
-15.55179551  
2.458774679  
-15.27292669  
-5.236918255  
-2.886996562  
1.027861741  
-53.94472207  
-2.612738219  
3.962493168  
-11.34434431  
-2.707397818  
-8.401385281  
16.9005633  
-8.048558355  
9.39497512  
0.05356314006  
3.348468496  
0.7949294757  
13.72403052  
26.50756183  
-7.350704749  
-1.080496246  
-1.70709112  
1.78943875  
2.699610083  
8.362936208  
-0.4818429877  
-2.972330601  
2.889262537  
-3.672662494  
1.26153949  
5.75888409  
-10.27171883  
0.9344045496  
0.589851343  
5.34135947  
-2.331074104  
-0.721252267  
0.3230266681  
1.424422189  
5.480288751  
0.1569724483  
5.327831134  
35.29475703  
11.2810327  
-8.83573722  
-6.92032931  
-1.258684977  
-15.33909746  
1.424915465  
0.610847837  
0.06690274814  
2.212270774  
6.440374364  
-0.3693936947  
6.550734013  
1.14704784  
