25.22212183  
-5.689112031  
-13.07630122  
6.832252657  
24.52733341  
24.16294333  
1.751828271  
4.279016897  
17.32305585  
28.99309619  
25.74944642  
14.89597992  
-3.361903665  
13.74337785  
1.942622474  
0.5299612224  
-0.2078058034  
-5.483968071  
10.12326839  
-22.45374722  
-7.360957915  
17.86681882  
29.76302782  
-4.907136834  
-14.45383347  
-14.54263514  
-16.56610156  
4.946484406  
0.9758593157  
3.665012202  
6.370647663  
7.957965007  
-0.7556511447  
3.247864203  
10.45842443  
3.753731914  
-2.975055224  
-5.942595375  
-1.031792573  
-1.915662366  
0.2229569871  
-0.1093864009  
13.75969746  
-0.1125088952  
5.680729559  
-3.954875046  
-7.12564097  
-4.250661516  
5.887849492  
-1.919272268  
2.232602823  
5.402983162  
-6.294853926  
-1.536725669  
6.566123149  
-1.970276141  
-37.7980906  
29.02305797  
-4.072151671  
35.82876184  
0.1583525151  
17.3036902  
-2.133207896  
-12.59863294  
5.451936936  
-0.5157608882  
-2.533265173  
-14.83989347  
-18.25677645  
-6.975525141  
