-4.441201596  
4.199367874  
-8.258616864  
-2.997577878  
-4.495890158  
-0.3116686353  
0.6608622684  
-1.039344412  
-6.244719825  
0.03086861183  
-3.460414494  
-0.2319110418  
-0.02727979402  
0.9282672928  
1.775800754  
-0.374742541  
4.184854549  
0.7717744037  
0.1533654548  
1.063960108  
4.827176523  
1.503201875  
0.3883325448  
3.26088937  
-3.470134707  
-4.459105048  
-0.838201202  
-1.533011022  
1.002406359  
2.94655947  
4.502875607  
-0.4892775051  
0.7020515692  
0.8565241022  
-0.7905002747  
-4.116393962  
2.357876464  
-1.994710899  
0.3265747815  
0.7710564919  
0.7511994124  
0.9489721124  
4.11905249  
0.9443023622  
3.612144861  
-3.701855797  
2.313798638  
-1.155818664  
-2.914636138  
-2.165311446  
-0.5855352033  
-0.2089677028  
0.9649352475  
4.504271692  
0.9068240594  
6.996256657  
0.1843220052  
-3.783435874  
-0.711181409  
0.5195903178  
-2.447098456  
-0.86973571  
0.927325158  
4.09935511  
-0.5986692023  
0.2629069384  
-2.343065753  
5.831729946  
-4.310624763  
1.893521187  
