7.073025696  
-21.72797785  
34.72688451  
42.0659576  
16.97845181  
0.1506037302  
-11.50127069  
-53.23160261  
17.68618658  
-8.181026613  
-12.87149788  
10.73564457  
-7.774990751  
24.21191092  
84.07629636  
3.526231595  
-7.337148718  
-11.74807597  
10.0814317  
-52.17376169  
-15.80248835  
10.26511184  
6.819680031  
10.69426521  
21.5557882  
24.44616282  
-23.27696951  
-68.04936152  
-25.27524838  
-17.29079595  
-3.176174215  
22.83766533  
-6.405420471  
7.47805045  
5.382808295  
7.886486813  
50.26141779  
-16.74520077  
-41.27072452  
0.6379646265  
-1.226972371  
-35.7205814  
3.032722521  
1.545800799  
-6.167036506  
-2.599444321  
-13.48339543  
11.514603  
4.531000838  
-6.738756496  
-33.86314477  
-6.490733247  
0.819091287  
21.13212329  
18.99400104  
-2.49112878  
-26.80553248  
3.557917621  
-3.874068254  
25.17113986  
-27.52052747  
13.35388882  
-20.43329958  
-43.64916378  
-29.38337272  
17.68812557  
16.90359558  
-14.00554588  
-8.495395585  
-29.15759589  
22.74570927  
-9.239060889  
5.076831324  
43.27386701  
-8.153541374  
-17.9142425  
15.34828788  
15.7747146  
24.79669405  
