8.443855809  
-9.073310806  
-5.392163277  
-17.43209251  
38.17915804  
-11.39314965  
13.27131408  
-0.4183020212  
-6.455091089  
3.813532656  
-26.65308612  
-6.001329601  
-6.298327334  
45.77569047  
11.45536865  
-20.77011446  
7.233477495  
-5.076334821  
-0.836610304  
-30.84785583  
-13.28031093  
-10.21112142  
-57.51501617  
-1.320450729  
28.81976509  
26.58292973  
-15.41541291  
-13.88994079  
-0.5931912828  
-3.295799017  
-6.422593202  
8.035158894  
-5.08981707  
0.1731041765  
4.25177495  
-15.23733715  
2.658105747  
0.3187418014  
7.246246243  
-41.96997872  
-0.3748491081  
6.013456953  
-1.689162715  
3.166614072  
-2.719871285  
-11.35007671  
-7.716236158  
0.1447056098  
0.5360476916  
-11.59227531  
-0.245482165  
6.041633601  
-6.850357939  
10.03612825  
0.06541196748  
11.75806567  
9.54836789  
-1.272663112  
-1.008422174  
43.26940246  
3.000523337  
-6.17419309  
10.87217721  
8.799756233  
0.1261270988  
-16.47203322  
20.19807397  
-23.70439403  
95.35666197  
4.435000097  
