4.124839544  
-13.62667592  
1.039205062  
8.16040794  
-4.898400405  
-2.350463152  
-2.32924656  
0.2023483917  
14.65674417  
2.115278804  
-3.02995049  
7.729894081  
-6.252335143  
-3.25158217  
3.608749131  
-2.385371703  
-7.633264682  
-2.622618908  
5.048148854  
-26.29394927  
-1.497329189  
5.515153897  
-6.663376212  
1.080557304  
-6.076835287  
-7.501410002  
-8.135886678  
2.586758107  
-2.09746854  
1.872420567  
7.375918517  
-5.984019426  
-0.9260867983  
1.448102342  
2.470279091  
0.6042494132  
-2.351984689  
0.4617389021  
-2.977720392  
-0.3995643817  
-2.523971697  
0.3215757608  
1.634674134  
3.112564906  
-3.68631117  
1.210729563  
0.9921559212  
-0.4766049512  
2.745644689  
5.083989669  
-2.302220903  
0.7832442425  
-2.569310683  
-0.6366642337  
4.456322651  
-9.00621419  
-12.13337484  
8.133359131  
-7.300934854  
19.15246825  
-1.446908921  
-11.40521019  
-1.469554055  
-1.445522142  
-0.3334891543  
1.706982899  
-1.739834013  
-11.13782253  
-2.709605906  
-7.794418827  
