42.61293035  
3.315771752  
-3.898348769  
54.9358671  
25.37601154  
16.61811573  
-37.01637587  
-17.7075342  
21.44671614  
-84.07404821  
41.28252649  
7.679482906  
33.03244054  
34.58184628  
-15.57062855  
16.91134465  
-27.36124284  
16.20447308  
5.236465823  
-12.19461291  
-2.332963126  
-37.91291712  
18.73447992  
1.286989071  
56.33544875  
-1.147584099  
-13.62472085  
-60.96112571  
-38.06498387  
-8.490195269  
10.56310107  
16.0692946  
3.446442299  
-8.552758228  
-4.032766134  
3.902207564  
23.05872691  
4.456113806  
-42.09658914  
-35.76886582  
11.46150385  
-104.109597  
-2.083864372  
15.34431982  
-18.63054709  
-29.35449808  
-44.08441865  
56.26811281  
-26.49730658  
-26.99478506  
-18.35514196  
-5.049736903  
-27.04124856  
-4.219274195  
-17.30261299  
11.31147699  
-20.79575388  
-9.093135712  
14.11079832  
26.21268941  
-33.40198369  
-16.26243917  
4.747551829  
-90.27048429  
-19.75533982  
-12.80508224  
41.51941016  
-45.43029406  
17.28938287  
-50.84969394  
61.87859439  
-9.293973328  
16.42078772  
66.83780734  
-8.036390413  
-2.394787265  
10.18658272  
15.04437871  
-39.10772426  
