-0.7337980728  
-1.713021176  
-5.136762789  
-1.945625125  
-5.035461462  
-2.304203323  
-0.5193502336  
-0.1347707879  
2.028791392  
0.04190104977  
3.618649284  
-0.7495120036  
-0.1024941676  
1.232171556  
0.9381410631  
-0.137022948  
-0.756191814  
-0.2403505429  
0.1610466287  
13.32967674  
0.819990792  
-1.649018868  
-2.046538088  
0.4268976387  
0.5736785763  
3.590567778  
-1.973156992  
0.5977291995  
1.811983488  
-0.601418747  
0.8138612821  
2.686568438  
0.4737381829  
0.3519093022  
0.9091278721  
-0.3656809423  
1.001782645  
1.17408  
1.997148905  
1.232886324  
-0.6813132147  
1.312794429  
-0.5648043653  
1.38696064  
2.122675954  
0.9089023029  
0.166940925  
-1.38154457  
-0.1449710021  
-0.6151839563  
-1.565350068  
0.1573457176  
-1.51128454  
0.3484416634  
0.5726517948  
3.74663338  
-7.269730903  
0.431562376  
-1.478031372  
4.793576168  
1.311849386  
-0.4614230242  
0.2462855845  
0.780584763  
-0.4508809767  
-1.727107809  
-1.636942371  
0.6283098548  
-1.268588083  
-1.763650958  
