3.251849103  
-5.496395054  
12.1080583  
17.61561161  
-0.2704018116  
0.8618499136  
5.414342942  
-0.978525213  
-12.38132477  
8.514787164  
2.530639666  
-1.27759421  
0.5717805277  
7.224860688  
0.608032589  
4.410055323  
-7.625044655  
-2.569753947  
-3.946340706  
1.742143569  
6.424912605  
9.49779371  
11.13189052  
-2.297362366  
5.357690217  
-1.550252371  
3.093602085  
-0.3113059354  
2.386719633  
-1.508137808  
-2.567112179  
-3.158409923  
-3.893220706  
3.233979564  
3.458170216  
1.556214527  
3.757749536  
-3.887077589  
-1.205303097  
-0.2582170727  
-1.498525213  
4.205795517  
-3.145961437  
1.690935736  
4.090919649  
-2.240022135  
0.1212862039  
-1.177435057  
-1.193925471  
-1.478067911  
0.4098964575  
3.615691037  
0.9220431817  
0.1612231353  
0.7539975594  
6.506368887  
-11.83813606  
-7.965076704  
-9.162653599  
-5.739244161  
1.34649256  
10.56767454  
0.5671258271  
2.777957044  
0.5003633907  
-4.236097349  
-9.252466102  
-2.284690701  
-2.723726702  
7.572682868  
