119.2391555  
-30.21070111  
51.91994948  
-55.78641252  
-43.63790505  
-20.46549103  
19.98846519  
-57.89093601  
-45.87916491  
16.38038499  
-83.04757098  
22.29705377  
-12.24657761  
-70.60154082  
31.64292859  
7.902016814  
36.47130118  
-24.13023418  
-39.71257085  
-28.46949893  
-116.1122612  
18.26926762  
10.53602994  
13.15011171  
26.99933409  
67.74515582  
47.2500989  
-193.8071945  
39.5374921  
-67.66076184  
-54.8390155  
-91.61643122  
26.38158229  
-180.8280996  
29.16175913  
15.90016528  
-44.7552933  
-47.60364863  
-87.85568882  
88.13692649  
-137.6116456  
46.70936762  
0.09907191338  
-80.03377793  
-53.03328267  
2.062275297  
45.66888677  
-96.98343811  
-2.836027027  
8.863457441  
67.68484497  
2.90215478  
-40.4802264  
-42.90780783  
-155.9669985  
-134.9427364  
106.9514204  
113.4346357  
48.74638971  
-46.61428097  
33.21702279  
122.7991635  
-5.550469451  
-16.2351988  
164.6844138  
-57.44747566  
-22.34718819  
-95.90609951  
-13.39703499  
-144.2478679  
