36.50614031  
-35.05687446  
-111.4650748  
9.44485374  
34.27373413  
61.34195374  
-88.6514135  
274.0450487  
-167.2134054  
102.4766493  
-105.0052693  
-74.38103616  
23.22281967  
-84.66370595  
62.14141398  
-109.4918568  
64.53862793  
-105.8938493  
-94.52538231  
20.01521769  
207.0227291  
122.9016548  
-96.71523843  
180.7345154  
-121.7723135  
-166.8337251  
151.2748867  
-144.9340327  
-153.106031  
-110.1367681  
-79.30275467  
-48.64115556  
-33.29311781  
13.13422825  
363.1143948  
-29.02827027  
-215.5581964  
67.05748486  
-162.5760749  
105.7140226  
-238.0288036  
-10.34364619  
-108.6177619  
46.02102392  
-92.26255919  
-88.3744593  
-107.8678252  
97.16754711  
-13.22556061  
10.18342358  
116.1754415  
-80.28582725  
-92.99709007  
-231.5478285  
-63.39528067  
70.68778432  
65.53721508  
-121.3163611  
-198.9280805  
-118.9418347  
-17.22422589  
52.39806925  
-75.3206138  
-33.5699319  
44.50687726  
589.7884498  
-169.1295147  
-147.7098314  
51.42789775  
120.9968822  
-18.06586144  
-219.0098627  
-44.25631024  
51.56999954  
-70.39558727  
213.3546409  
-428.8947718  
-489.3709086  
113.7474793  
