-2.880020656  
12.25122425  
9.01173052  
2.340167725  
-25.04294278  
5.881610279  
-5.104163796  
-3.517652642  
-52.86482488  
-10.55715052  
-32.91677572  
-0.7062913161  
15.71897312  
25.82868936  
-2.103197446  
10.86367917  
5.627330121  
10.52326127  
-9.163545232  
6.199852464  
-14.98899977  
6.673511136  
-16.52065758  
-24.76734638  
-18.99791266  
22.4134621  
-9.188551089  
17.0266124  
0.2387187248  
11.02659242  
4.308858784  
-0.428462823  
10.56366682  
-5.914426581  
-1.464757603  
-13.34850566  
-9.7718136  
4.43829023  
-1.568988812  
-3.193625932  
2.839689592  
-8.955503301  
-10.30265319  
13.18055415  
1.061052257  
-1.141739494  
5.477266165  
2.151541937  
3.413449279  
-1.909838735  
-1.399938715  
-5.930030363  
6.607066006  
-1.929980627  
-4.957499346  
-1.593765821  
29.46465619  
-27.84105331  
-34.08839496  
21.61610125  
-4.354694144  
29.62387443  
11.65950788  
-6.336239475  
-3.287789846  
20.21822885  
-2.332388487  
-10.80988915  
-3.137105794  
15.32234037  
