179.4467511  
0.8083016157  
166.4577698  
33.05529245  
-70.15347939  
143.937329  
162.5770365  
260.7369197  
126.722682  
270.7494768  
319.9331563  
200.3471851  
182.1279752  
-66.40879847  
38.91209513  
181.0545609  
30.31062771  
5.074431292  
100.7531908  
196.2204032  
170.4811362  
73.51480484  
157.0827755  
103.5735196  
67.97383156  
74.22511959  
277.7134967  
159.9732358  
183.221336  
20.93976919  
150.2621788  
178.5903585  
171.6023478  
494.2512329  
229.4417194  
395.7821264  
17.38941005  
44.33401578  
283.8110398  
238.0429222  
275.8517031  
349.7487915  
286.4531525  
-0.6049570084  
53.19948219  
0.5353394588  
139.2687074  
133.9562257  
71.74067898  
62.76491003  
248.1725766  
127.3365336  
84.02554627  
225.6678749  
1120.033146  
-28.97694834  
20.45811267  
167.9751704  
20.21794975  
86.93779399  
45.95497678  
239.4517614  
179.3105353  
122.9852749  
65.25126139  
145.2209368  
265.7360506  
135.2680658  
503.7877066  
53.8654199  
146.4333111  
35.63580691  
155.1829662  
129.9657588  
508.0398575  
455.2017588  
114.7423126  
-78.66807734  
133.4766249  
