-70.47105439  
20.82691137  
54.55758386  
-27.70768646  
-10.37694987  
14.06441856  
6.558931458  
20.62261057  
2.950508386  
-49.0872313  
-78.98431151  
66.9337209  
24.88598041  
-6.069791657  
-36.93466365  
-71.86732367  
27.06826952  
-15.97868867  
-10.22082668  
-76.37933373  
-9.472444287  
50.33835812  
-129.8512299  
-0.7141299248  
69.42725928  
37.88683944  
9.263172841  
26.03263016  
-8.17907525  
-0.846114856  
50.2993356  
-0.6973621011  
27.45703472  
6.688666821  
17.98162831  
-21.35570826  
4.490628196  
16.1044596  
-3.617684022  
14.10429623  
-2.618338218  
3.353657296  
5.58383942  
19.00439048  
-16.76491769  
-22.49287845  
-8.850645232  
2.632417412  
-16.05610066  
-33.14196091  
6.144035301  
0.4077874765  
-9.124153644  
47.01390419  
6.467497465  
-28.18710456  
48.92665672  
53.01934249  
5.072127414  
21.36347135  
9.200325531  
80.01847975  
20.71594076  
-25.1574403  
6.49064839  
29.2060225  
39.43118056  
-38.99269121  
-22.21259355  
-6.303465433  
