9.021731237  
-7.020947083  
-43.47675102  
-31.5221935  
-6.313893451  
35.57004433  
18.78471568  
9.753905608  
9.230615255  
50.2663014  
-13.45687353  
7.564588274  
3.508890385  
10.73207185  
-17.88755521  
2.632195052  
-8.773808367  
2.31820597  
-5.706414729  
-26.77884117  
-13.1940056  
18.46542269  
15.95560552  
0.7029320379  
-11.06117572  
12.71411233  
-41.96739857  
-0.9215419393  
-2.086689572  
18.55157804  
-6.14487213  
-22.70069235  
9.455548896  
15.01611459  
10.48135741  
1.138310586  
7.365076538  
-3.654040413  
14.4276151  
6.16030011  
1.035318923  
7.340092573  
-0.3047935643  
11.92846895  
22.85283258  
8.192502216  
1.999153181  
2.907666083  
-5.084611717  
-2.505961388  
-0.3285408187  
36.4378436  
-8.019320684  
2.650205586  
-0.392282191  
-66.22961257  
-18.50561838  
-14.02649262  
51.4933237  
11.77838489  
-1.090857641  
55.75658426  
8.480158096  
0.3900976138  
1.581319415  
-14.97236305  
-33.64944103  
13.08429154  
-28.12867596  
-25.08243295  
