15.50338154  
-15.20094826  
32.49751045  
3.079413199  
9.638356107  
40.16509444  
3.213043289  
18.52200683  
48.55931062  
8.571985579  
-7.36678834  
-5.478089046  
-6.691723306  
-16.27198843  
11.47803633  
-44.04667196  
41.76120796  
-14.95902641  
9.509416509  
-5.826407257  
13.95822681  
0.04619884491  
31.32271222  
3.319125867  
-45.81775599  
-16.42944574  
-27.32907395  
16.49490293  
-8.135574567  
-13.98172824  
-10.02935371  
20.14953583  
1.373691362  
-8.627847582  
-1.468228024  
7.287237372  
-33.1775176  
0.3816522986  
0.17883767  
4.495725888  
2.164212616  
5.288139296  
-1.495152175  
0.8889415234  
7.543875468  
-5.669796361  
-3.561736388  
-13.01516955  
0.07217742503  
-2.903485888  
4.050924449  
36.12301829  
0.8261364028  
-8.132718334  
3.619922079  
49.09738876  
-46.9814149  
29.83295988  
-5.630569005  
-18.32800727  
6.133162609  
-9.976978576  
-16.68699536  
-6.039427745  
7.351565996  
39.59468818  
42.72079138  
19.75485234  
17.95003898  
-4.534332715  
