-0.7363902575  
-3.32942421  
-4.037688728  
1.171074131  
-4.344920389  
7.35754584  
5.56694223  
-5.188263487  
-1.813687682  
-4.066476849  
6.317434869  
-0.5564266465  
2.034049085  
-1.437530911  
-1.253500285  
4.892957147  
4.748997371  
0.7654015052  
-0.1999387396  
-8.920782583  
3.014328333  
-0.3828522483  
-13.16257024  
-2.518729906  
5.491742274  
-4.811176504  
-3.418577163  
1.922966596  
1.392510201  
-0.7656558459  
6.461826057  
-1.720342456  
2.160058038  
-1.186228041  
0.7322587238  
-0.816913758  
-1.574972712  
2.427553593  
2.993474187  
0.5816832182  
-0.3906890464  
1.402658167  
0.4154931184  
0.3104607083  
1.055029999  
1.589375533  
-1.129864852  
-0.2529577677  
-3.531152566  
-0.599458704  
0.6453248411  
1.741761597  
1.264638319  
0.1463759424  
-0.3725073469  
0.5820189491  
0.1076394532  
6.895141895  
7.746385576  
1.941675831  
4.158302609  
1.213336633  
0.9605130968  
0.944731508  
-1.153535238  
-2.702426076  
2.638515789  
1.16193903  
2.765402764  
0.6688743478  
