193.390071  
-56.86652193  
-95.95875039  
-274.4233881  
229.0479809  
219.998579  
-229.0290586  
25.23495063  
254.6163115  
315.8463192  
78.45343069  
114.6823688  
9.38314293  
-155.4780251  
243.247315  
13.74528331  
50.71809644  
-117.9087791  
-146.073527  
-222.1476374  
979.8780274  
153.6012838  
100.9511501  
395.4483552  
-52.19074348  
14.72448729  
82.95891461  
82.46039111  
-92.67475379  
8.006377605  
-207.6060375  
-131.5931522  
123.0014404  
459.1179869  
110.3459185  
-131.5136684  
18.98857867  
11.04758716  
-211.0651543  
44.0472439  
112.1103955  
138.5936332  
-6.657162708  
37.1393001  
146.0466867  
39.69630799  
-98.20322763  
-143.1029621  
-44.3464785  
124.6904294  
132.7452637  
9.118690757  
47.88019639  
-121.0893595  
-106.4426672  
127.7538804  
122.4665002  
-165.7170533  
-60.26131159  
-43.11475449  
352.9472625  
-11.2058495  
15.24746383  
-242.2519349  
150.0403554  
209.3882999  
37.83368001  
-69.90882725  
255.9908504  
340.8054602  
143.6447978  
-124.1701098  
8.862151366  
1.342502594  
326.1737635  
673.5294757  
-61.06534935  
257.6717366  
186.7884074  
