223.6098816  
-0.9568250626  
23.21004007  
-11.47655539  
47.4003916  
87.73797976  
256.1788809  
174.4335273  
32.81743868  
369.5277779  
128.8032022  
150.6211697  
122.6593752  
13.93045724  
8.689220667  
-58.82494198  
2.489092658  
77.25365802  
137.3921373  
8.538172722  
230.5115665  
139.8588823  
173.0073365  
-17.7858339  
88.21911285  
216.7934971  
-28.26441151  
196.6032741  
117.4393706  
64.9910772  
200.2428652  
14.55682419  
7.481830001  
489.4694824  
325.1560143  
-106.8953216  
151.5404159  
153.2102242  
152.8077908  
36.58758338  
32.21399244  
96.40962435  
130.8245127  
19.38077746  
79.01982073  
22.87042866  
158.5739181  
40.20030593  
280.5918125  
123.4433302  
140.1252724  
138.9655088  
153.3231055  
-7.262535224  
-66.59947683  
95.86147722  
74.11821679  
-15.78260791  
115.0683217  
51.74014582  
72.20748287  
119.0964286  
252.8431504  
176.663849  
10.40185501  
-48.29859188  
-29.603376  
339.2331551  
263.0667582  
24.14966083  
89.50197798  
24.51449994  
64.78405834  
133.4438095  
8.854623556  
158.4599487  
99.19150507  
148.0156228  
311.0590657  
