5.37175812  
0.404769019  
7.59281759  
27.75578648  
48.02979803  
9.741977429  
2.63961949  
19.08917511  
4.356220677  
10.35908847  
11.9029464  
28.74812307  
-9.901508761  
22.27405814  
-5.503882729  
15.00259166  
-7.302222138  
-7.981470869  
11.26655311  
-35.59771669  
0.01773760432  
0.2660506785  
2.327223827  
-2.992506026  
-22.54833116  
5.332521581  
-18.30819329  
-8.927862849  
4.793082215  
2.676990432  
-3.443308849  
17.23623898  
-2.581392236  
-13.95315783  
4.189597079  
-9.645453611  
-1.195274208  
-15.03028088  
1.025531453  
-2.772276089  
0.9511769925  
-3.244025189  
12.66365522  
-4.278588386  
-9.292554685  
-0.7894566513  
-1.909875909  
-3.235483025  
2.597712034  
-1.818334737  
0.1649440073  
7.842565637  
-8.166284864  
1.228231949  
4.569954663  
4.828652087  
-17.63968154  
42.77999556  
0.3876614003  
22.45230783  
-3.818481983  
19.8786664  
-1.280716893  
0.2952733948  
9.834718409  
0.6085588237  
-22.71267941  
-18.80396452  
-13.25688153  
0.3472031837  
