4.794716903  
1.876368419  
-52.83237062  
-21.9869033  
-26.45346863  
-11.95361057  
-7.225427431  
-4.563112057  
-12.01977694  
-2.219213408  
-7.394008834  
13.01636478  
8.530171866  
47.30968361  
-4.109575431  
-3.741586758  
24.42143307  
-29.98997647  
-23.54912535  
34.19826704  
-3.751284508  
75.66066587  
44.43574585  
14.53306031  
61.94643282  
-0.5058740676  
34.30131762  
28.92309451  
-2.299149209  
-10.80121093  
-13.28909364  
-38.97655963  
-31.13517342  
-43.24445273  
-36.94697207  
36.36409441  
-10.49882328  
-13.51528772  
14.1747801  
-17.46421373  
1.626444854  
-12.9052513  
18.82242778  
-0.8886930991  
15.6322556  
-28.80040586  
24.07726614  
32.90651542  
-5.955967183  
-10.15147381  
-12.32047708  
-24.64019837  
8.824302026  
-0.913178968  
14.28553596  
47.64597346  
-57.69393738  
-23.51181875  
-129.2219374  
25.14066055  
-77.17308212  
45.17980698  
-9.849154236  
68.65353699  
35.28714719  
-28.92656549  
11.03201209  
13.15367043  
23.69219933  
-31.84657004  
