109.5556526  
212.043294  
223.2993375  
232.3444544  
271.4953266  
289.597384  
24.08473475  
66.86537767  
96.08182573  
68.76770994  
171.3037247  
92.04874934  
272.560026  
186.0159153  
406.5393288  
20.56589199  
255.7417617  
99.54078527  
163.7647953  
171.4556969  
184.5456096  
38.66612  
270.7969243  
238.0192417  
271.1280407  
200.3838954  
208.2971548  
113.6057752  
138.0732095  
211.8187249  
190.7433933  
189.102069  
91.42600979  
163.3007726  
56.72902492  
170.4272786  
137.4375902  
149.9752697  
206.1817875  
219.0181462  
74.68325429  
120.8535902  
155.0756834  
158.3024271  
218.1954097  
265.8889479  
395.4933666  
110.6058249  
203.8624602  
177.3437811  
124.3549971  
135.7331551  
165.1066344  
282.2247488  
17.22164696  
109.6176598  
215.1101003  
64.74519608  
145.6388721  
78.08562584  
192.4481496  
128.7286693  
130.5747934  
139.7184975  
148.9336326  
181.1214953  
111.2045801  
173.68348  
-186.9173313  
254.0121855  
