66.38119721  
-12.4813926  
-14.77078192  
15.24601426  
-82.28516877  
-43.93414813  
15.34557305  
-32.42765534  
-48.87485389  
35.31875421  
68.00308874  
-6.669551767  
-11.08225684  
19.82632504  
43.17563354  
-39.92036833  
33.8007951  
3.022276966  
16.97544497  
24.53118872  
-8.711258038  
-40.55139288  
15.10700708  
49.47147013  
-66.92005675  
82.43576393  
66.60913788  
-38.78339244  
-7.183616559  
-2.833829794  
22.52055251  
4.281870641  
10.2188859  
4.19248261  
-20.12533876  
-13.93001754  
-0.5723664924  
10.69609163  
-11.29275751  
-20.60977118  
9.834602683  
20.63326147  
16.91108779  
24.81339489  
-10.36373493  
-19.66365113  
13.79409683  
-30.10169716  
8.10689525  
4.990505367  
4.911907366  
-8.582388695  
-21.51710096  
-3.577509416  
-2.052930145  
-65.43465128  
135.2338431  
1.90941908  
38.53460082  
30.05656977  
-11.33951495  
-107.4218132  
-26.71026436  
-11.73558456  
-8.602616444  
-1.182038887  
-8.709008944  
-15.56530593  
-56.32275638  
14.87676788  
