17.18016402  
28.66075634  
-62.92998483  
-1.400749624  
53.33327936  
15.31421296  
26.15884987  
126.6085459  
-24.93150028  
109.9314589  
-114.1715965  
3.940437759  
36.00307638  
-80.41998581  
22.62695772  
16.9524316  
-1.911043942  
-34.85004418  
9.256136656  
12.03224637  
90.5636781  
13.55314371  
-71.29236258  
-67.1475747  
27.51311505  
147.531373  
-179.713131  
30.36549979  
2.208273609  
-45.87397969  
4.302541971  
-116.9581474  
22.56309847  
-56.15418979  
101.1326493  
-116.630632  
4.211008916  
49.5296746  
148.9202036  
51.59504949  
151.5570512  
58.7392865  
-36.76995067  
8.680916468  
-30.08247987  
-2.242799213  
21.08234709  
-7.310003539  
79.29882653  
7.105101734  
-5.167795065  
58.45453032  
-77.67298931  
-35.80339352  
-113.182328  
57.80159312  
56.10683976  
-41.61518747  
88.99211286  
-26.75131683  
-8.354083816  
6.936492009  
-34.28959827  
-19.32038931  
-48.61822814  
56.01210942  
-223.4503291  
-29.6374747  
31.58701688  
-89.05744517  
135.2369135  
-42.07046642  
18.13804144  
9.577986176  
47.56375651  
-91.13712607  
-61.18283478  
144.9068942  
64.2803675  
