133.5095551  
-9.53298207  
8.144757884  
156.4973172  
187.4138141  
89.99443832  
41.69343132  
55.51753831  
15.49737971  
-45.52100527  
19.67360174  
78.68388069  
72.74546458  
4.258001838  
97.04441729  
155.5442807  
57.46825288  
15.69498794  
78.48513181  
18.26399242  
80.98854623  
74.3183643  
58.50947484  
114.2434755  
-10.68747619  
310.6671907  
158.9250332  
10.50221556  
96.52754785  
86.5185497  
-19.63084725  
28.42369885  
-14.71897706  
75.38414645  
125.317225  
6.387082976  
81.06213152  
31.33025443  
95.32434789  
26.93526574  
88.75783029  
78.9556775  
69.63326137  
184.6317098  
57.57525924  
98.85872187  
32.04271471  
13.30878004  
8.231407456  
-7.424676073  
93.93541133  
77.74108785  
71.92989231  
207.4405961  
104.7438604  
17.62886014  
-76.73772707  
76.58529699  
247.9227346  
131.4108066  
52.67325702  
-43.48188889  
36.44364613  
46.00332518  
35.29541283  
-14.65693891  
162.8447387  
103.8443423  
-11.69589489  
183.471726  
