87.84119831  
36.81164163  
-20.10889865  
-14.54750629  
87.28417767  
-53.20134585  
141.3003555  
29.34853481  
274.0214384  
-23.2802993  
119.5498471  
-34.53227099  
-1.923802647  
-16.59260861  
437.8369276  
189.2378219  
190.6863179  
121.6417587  
-28.158444  
41.58042919  
70.05328156  
-8.244684318  
7.793311652  
85.59036465  
-41.13417846  
251.8454824  
168.4965719  
-26.54836684  
22.05364385  
97.37050329  
-55.86427566  
59.34871926  
25.08008347  
121.0128085  
33.78237163  
107.1308795  
-20.62899795  
65.24071337  
60.92037448  
48.3535304  
130.9546399  
136.0465229  
28.1678616  
73.61983732  
95.92647896  
62.80994811  
70.66930297  
214.9265469  
-12.98577687  
-28.91656449  
7.708869574  
77.84752388  
97.53780703  
-7.561635755  
-19.23559771  
156.332723  
501.9184648  
75.21255893  
-10.55164499  
208.4176645  
238.1180665  
168.2563721  
-126.1644813  
30.6365903  
107.6658683  
188.3786446  
318.6154907  
-52.59986446  
-158.7658607  
98.09029626  
