211.8141229  
-36.73815378  
-145.2574332  
-167.1166185  
193.6160084  
118.4346137  
-519.8568026  
480.955177  
229.8776356  
140.365393  
-41.1453712  
56.93065445  
-61.04205414  
-359.6327556  
468.9408261  
-50.03930714  
115.9972699  
-78.1270228  
-131.8203148  
83.74148726  
1583.622876  
345.4195106  
-12.36944151  
165.9538853  
-107.7343457  
168.0737446  
248.3225478  
277.3790588  
-462.3742084  
201.3106077  
-198.361839  
-61.49414138  
122.2082282  
123.9364393  
-63.54360296  
224.0879928  
-77.62276045  
165.7599702  
-144.4515381  
167.9086971  
268.8800074  
360.0659242  
-109.2616417  
99.67459131  
0.8544638753  
-153.0139844  
-155.3469638  
45.49602971  
-124.2546141  
-56.07550355  
353.5200933  
-159.4675912  
-215.8488198  
-205.641379  
-485.4644058  
125.4169806  
-165.0130471  
-374.9458466  
-68.03310753  
-147.375495  
341.4709154  
7.038270528  
114.8123332  
48.20967013  
-147.4117592  
218.9802064  
108.8213618  
-360.48517  
-159.1483742  
323.1340184  
66.7208147  
-105.8254149  
15.97239683  
243.7791272  
200.2898952  
585.6223395  
-406.4572186  
265.0694269  
222.5775143  
