-60.44712972  
-27.86844014  
26.11651133  
47.86663906  
28.8230399  
34.16928603  
92.93826841  
-170.4904432  
23.18022015  
-105.9421118  
-106.8291939  
-46.82850394  
103.8947486  
-82.49767533  
77.81741298  
-0.5051874039  
146.1962054  
110.7383145  
-11.89931666  
-28.37634235  
9.302091135  
113.7749769  
146.0923345  
51.02045018  
-97.12054813  
-9.99797423  
40.53328455  
157.8487122  
-106.0132011  
49.57944615  
82.40703593  
-14.32057333  
22.20057728  
78.53286777  
99.30820658  
-94.51585732  
18.1822956  
31.27336205  
-38.82324328  
-95.12330289  
16.64720491  
-74.87120271  
-61.93882124  
106.3340962  
-27.49823973  
-159.462791  
-19.81566141  
-14.55541392  
21.27748814  
-60.59680313  
141.0956751  
10.84459507  
6.685671714  
-26.89147619  
-240.9866384  
123.2854031  
-172.1450421  
-40.91658327  
134.7931905  
66.50338324  
-70.61746042  
-27.19360783  
26.03279396  
20.79435891  
-43.63301214  
126.3237295  
46.71469275  
138.0410083  
185.4221274  
-95.03628484  
