1.111241272  
0.07413146548  
0.09028385515  
-2.071373198  
-2.126710314  
-16.93022195  
7.961262257  
-4.21322004  
6.984453497  
6.657869652  
-18.04807368  
-3.77657288  
-4.660328339  
5.010597557  
-3.119119393  
-6.796317684  
-27.1532796  
-5.956761577  
-2.369050528  
3.234267881  
2.192595198  
-1.385397568  
11.39719598  
-6.406493376  
-6.43695619  
8.326581807  
-10.33045849  
9.007983732  
-1.821157351  
0.9081932501  
-3.389018012  
1.511257745  
-0.4377175159  
-4.622754072  
-0.2428040184  
-0.09536936814  
-0.4132677858  
1.773688616  
-3.939244031  
0.148533418  
0.06654674691  
-0.3898242003  
-9.293214878  
-3.879440656  
2.107435693  
11.57411855  
2.366996856  
5.28414283  
6.603245907  
0.9567343019  
0.3939881692  
5.888755343  
-2.631095199  
10.86483771  
1.126066136  
6.294421688  
-13.06040005  
1.757111858  
-10.72799215  
-15.95662625  
3.883512636  
-26.38227433  
-1.979652669  
1.4730087  
0.396471851  
-0.9123591632  
-11.61653283  
-1.102631687  
17.51761845  
2.94352928  
