-41.3318706  
5.010506553  
-29.04380417  
42.51187541  
11.75778554  
-1.74525021  
47.54357458  
27.66733717  
12.32703204  
1.24360451  
-11.74508033  
19.38063154  
23.9418779  
-10.22793721  
9.911779388  
47.35798734  
22.92523623  
-0.5137430468  
-3.650127434  
-0.6301452575  
37.2690945  
39.79559835  
4.103118943  
50.03239376  
20.56703404  
-18.46810487  
-46.50658783  
25.7217709  
0.9995143183  
-2.616095851  
48.36955187  
-7.455597007  
32.70920705  
21.8815017  
2.676770645  
2.497570845  
61.52223821  
20.63246012  
-67.92292776  
-11.54742082  
74.36435483  
-11.94877035  
-15.52301204  
-27.58962431  
24.571556  
42.55570843  
54.13889657  
31.93202602  
54.68326667  
-7.961840876  
17.61929958  
20.09702607  
52.58594501  
-17.47185953  
-40.73195445  
9.091116241  
23.98001509  
2.759493989  
63.93256986  
4.589828568  
10.74271782  
39.51724574  
-23.95539059  
-10.24125641  
21.58712207  
107.1989155  
52.77247828  
35.84427858  
38.9267294  
9.453189419  
74.50597357  
-64.3611009  
-18.57628895  
4.335186639  
28.21444224  
-13.9817151  
-7.557916703  
20.11549927  
-23.45515915  
