17.64532124  
-22.37631043  
-21.83906958  
11.75163291  
33.57773844  
43.18244703  
8.289037239  
6.507689355  
10.44263391  
-41.61790323  
-9.508367324  
16.32306733  
-13.0095183  
3.486243857  
12.3965944  
11.16689293  
31.48303866  
3.674165983  
16.52751186  
-27.70749079  
-1.667798259  
1.412544025  
52.84995754  
6.022231233  
20.58402109  
25.28383825  
1.157769795  
-12.01234849  
-0.03669473639  
16.04957105  
14.19308267  
34.34194154  
37.90422567  
-8.479618756  
-7.409626087  
-15.63711031  
0.3217972241  
1.295943989  
9.818928366  
6.139075518  
-7.360694599  
-6.208076976  
12.12737723  
8.66612509  
7.188687233  
-4.759145292  
1.598519512  
-0.6861445429  
15.88210822  
-11.02947484  
1.326599839  
24.23062271  
-5.359660133  
-11.67583253  
-4.89328412  
36.41623341  
29.61841296  
-9.237823109  
5.579238062  
0.3195880342  
-11.682341  
-37.07910123  
-3.424522796  
1.491771493  
-0.4486516002  
-5.875713565  
-2.603839655  
-25.54165503  
14.11610474  
-27.0148254  
