190.2923737  
-71.95368475  
-97.45082382  
-279.6584318  
242.3014269  
217.0073841  
-234.5684084  
40.73872779  
236.4114316  
335.5565261  
47.17098292  
121.6580004  
-2.082394103  
-154.643681  
252.2758112  
14.87364312  
64.00152151  
-112.5739142  
-144.4419307  
-199.8431233  
965.420462  
152.4327271  
104.6395615  
390.862628  
-57.00377627  
9.241116464  
78.33553354  
80.87168017  
-90.9185401  
13.3361149  
-215.3343067  
-124.7003429  
97.79003008  
486.6558572  
121.3938532  
-151.7728043  
15.60116547  
4.11199224  
-199.615531  
43.11107217  
110.1860104  
137.2671882  
-4.416332925  
46.49105554  
137.5706928  
51.72451035  
-110.4616142  
-157.2783904  
-54.46743278  
127.1859231  
133.798571  
7.663159023  
42.45747356  
-120.9753472  
-113.4221281  
128.9324191  
118.415486  
-169.4943989  
-54.64927378  
-38.47618059  
344.5653483  
-0.4321566373  
16.95375842  
-221.3942222  
145.3066535  
233.7142005  
35.89836526  
-68.28815911  
283.8798972  
339.9569281  
102.3080026  
-134.0750168  
6.682020664  
2.109070142  
307.960252  
648.8257892  
-72.29151733  
238.3775042  
180.7903721  
