-60.94819067  
24.7499624  
-51.86160512  
-79.1496083  
33.27862408  
23.01919014  
-21.79684856  
72.67949324  
5.462177181  
-18.69905801  
-18.40441332  
25.54910415  
30.02944086  
39.75499828  
17.28319999  
-33.63154634  
-57.23980637  
-15.05601044  
-8.19982022  
31.3428847  
20.3390003  
1.045242018  
109.9237122  
-22.47561319  
97.02691269  
-21.98722254  
-31.69404664  
49.42041874  
39.96809835  
-10.07291802  
-1.906386298  
-35.25790831  
12.02499683  
11.57611742  
30.73126073  
104.3401487  
14.42296121  
0.5894071467  
-90.4128479  
3.889890742  
-18.2929906  
-20.80743042  
-136.2030041  
-11.95487251  
-17.90557685  
-4.655708697  
32.64619257  
-33.20275966  
3.525518322  
-9.472481054  
31.04988323  
10.11788867  
-51.97708521  
-28.92748544  
-25.97599344  
10.6591186  
23.65313609  
62.19862224  
-19.39972342  
-66.45194492  
-30.43314649  
-48.56289703  
-25.34076548  
-60.16320443  
36.47866855  
138.7613001  
-6.645027876  
30.75127697  
15.43223262  
-99.66239247  
22.58176715  
-74.62412069  
15.62632  
-73.84366093  
25.56568136  
49.84537039  
-33.45735183  
-18.91553843  
-2.315336999  
