4.94101082  
7.344966927  
1.59563748  
-8.272782028  
-7.421575415  
13.79571637  
-5.31465589  
-21.96724372  
1.941415207  
-0.1518444353  
-6.715970049  
8.379861679  
-3.237330549  
15.18471336  
-0.141725007  
-10.18956245  
-1.557708204  
-0.4282037152  
-4.754751606  
-16.38877305  
4.635133204  
-3.788525244  
-10.6744717  
-1.877102695  
-1.909065141  
-3.322627716  
6.029148579  
-1.930205317  
2.102417118  
-4.157134101  
-0.7577268995  
4.968621933  
0.1626502466  
-1.56056978  
-1.079675541  
-6.79151234  
1.240976616  
3.289794829  
-1.252923993  
-0.4995095488  
-2.289197246  
2.355680693  
2.989295956  
1.536748923  
0.6122458792  
2.748321861  
-1.582337232  
2.421916079  
-1.690405935  
-3.092655917  
2.391256774  
2.321416655  
-1.606811018  
-0.01064098275  
2.809144566  
-2.508528597  
15.29423246  
2.756308622  
-10.22630488  
-5.133347147  
-1.559222165  
17.57472236  
0.0420045029  
-3.239307718  
-0.2018352896  
-4.594622973  
-3.312293433  
-0.7665027943  
-7.030766063  
1.740864699  
