118.1492145  
17.98138251  
-99.20067824  
-48.98707507  
72.6840468  
6.945776829  
-3.447182985  
92.36324689  
63.14585998  
-39.35749843  
29.38929901  
23.4638856  
48.06725928  
-18.17463045  
-97.03182445  
103.6213531  
40.2106355  
-40.11793444  
4.243553914  
-19.91579337  
-74.15907884  
47.9331611  
-43.55160809  
53.60228376  
37.83496647  
-34.88093419  
-97.55580526  
-30.47697076  
-51.24376981  
12.96053228  
-25.44279245  
20.46107337  
-33.70089808  
11.52095208  
-18.04980026  
-10.96784817  
11.47278682  
27.30850753  
-105.7515653  
5.930302261  
-37.85520547  
0.4711280371  
-29.48015599  
34.09655273  
14.5651997  
-10.07298663  
69.84840672  
-16.7221514  
22.65172385  
35.23193788  
4.203315377  
-69.94929666  
-20.58424198  
30.722191  
-75.13340755  
15.76945674  
70.20683143  
51.03167875  
73.26934087  
134.6771696  
13.1665396  
22.85879327  
-55.23648704  
94.71905635  
64.43776202  
-14.08716035  
-11.95041176  
69.87466252  
65.03947856  
4.729821233  
