2.674302005  
3.852254472  
-0.3468007216  
2.960544921  
-13.01797543  
0.9187678894  
0.7569792193  
10.82135529  
6.327948628  
-2.621215167  
-14.20046416  
0.9244452305  
1.34508032  
0.2283869867  
-3.754449329  
-12.24582249  
1.928948935  
-1.69137458  
2.828737388  
2.097735053  
1.2799595  
-1.142792675  
-8.181848238  
-1.879150822  
-1.478357196  
25.72589992  
-7.630108833  
1.536051012  
-2.75010179  
-0.1994687078  
-0.8186018296  
3.045369587  
-2.77588723  
1.828394198  
1.636385688  
6.537239955  
4.689323144  
0.84263337  
1.384963977  
2.152732607  
-3.189018639  
0.1037941672  
6.639619268  
-0.551986537  
6.907162063  
-0.00524541227  
-2.457330234  
1.425157962  
7.108659735  
-1.402068499  
-3.544000209  
-1.425395125  
-0.9979611483  
1.708681657  
-2.110063585  
15.37828098  
-0.7925383798  
-8.796293988  
3.203125974  
14.63313374  
0.6686155822  
11.14994207  
-1.849424728  
0.502272074  
0.771590569  
3.290389689  
-3.207237007  
-8.500132135  
-4.784378431  
-2.593808  
