62.93334435  
-51.53215407  
-10.05100572  
-71.40250234  
111.6489321  
-57.37396975  
6.279402552  
-11.98441248  
41.10132782  
162.6162481  
35.61866488  
-73.65389649  
41.10823155  
201.6318791  
137.3001349  
100.6985342  
-104.9489779  
-35.83677513  
359.8178182  
-181.649582  
144.2843127  
110.3317693  
24.00287528  
19.15694757  
-91.20853458  
-114.1799932  
-54.8734057  
84.17354336  
0.4318315128  
-29.99844478  
-125.387773  
-74.77928206  
14.57341781  
-242.6360584  
53.87323839  
-247.2479654  
-207.1919458  
86.93203919  
-11.13469175  
144.5134555  
194.1790799  
50.39304672  
36.23317659  
-76.95479456  
72.20382863  
-6.863845413  
-37.48103679  
-83.24498421  
-6.438919031  
-47.25040928  
-4.087266827  
-63.79364583  
148.7991938  
-164.4204671  
109.0390699  
91.13887993  
-18.10875832  
-9.724324089  
-8.954851858  
-28.89608605  
251.5290048  
-72.93420795  
12.03379206  
-149.4610779  
12.79151489  
495.5231511  
-114.3482861  
113.0944331  
94.27821911  
-114.3691693  
458.3626112  
-204.1105812  
-71.17882843  
-19.36762062  
-59.90824498  
227.209068  
201.5818335  
-551.9624944  
122.241445  
