-4.140939845  
-12.59080827  
-14.16153525  
12.12758747  
-4.570712381  
-7.237161804  
0.2393209702  
0.4196773784  
8.794449432  
3.143571802  
-3.488217289  
10.84455956  
-10.24372584  
2.994718009  
-1.689384055  
7.677733717  
-10.6382695  
-2.716450173  
5.274784169  
-21.92867735  
5.847618042  
7.179997393  
-16.3028232  
3.541617058  
-8.20599603  
-13.32520133  
-0.9495096041  
-0.7309474481  
-1.104774476  
4.020757887  
-3.334015161  
1.380189439  
0.09661075224  
-3.5313306  
0.8004843303  
2.127474729  
-1.946250909  
-1.001913268  
-2.111044281  
0.8630780015  
-1.808112612  
0.487113393  
3.438393192  
2.87190089  
-1.369598106  
0.3323562857  
0.2047918025  
-1.277252281  
3.068715258  
1.069826034  
-2.595420099  
1.189855115  
-2.223889165  
-4.916125942  
5.00271597  
-8.05549252  
-8.843804744  
10.92124925  
-14.29979837  
26.28665356  
-0.0796261198  
-11.15315402  
-1.642210701  
-1.956371822  
0.7623427576  
6.091087672  
-14.6746692  
-2.881791989  
2.59626553  
-9.976714154  
