1.453289884  
17.61235355  
-2.129995848  
-3.189307908  
3.072791065  
2.178246657  
-5.17677511  
3.973594809  
-13.01838906  
-21.7006291  
14.60649043  
-2.59792468  
6.938858276  
-14.1152717  
3.238614254  
-5.977380315  
28.11184531  
13.79723933  
4.154492376  
-23.44990877  
-7.38159816  
7.470335514  
-29.62290334  
7.903517981  
9.652017775  
13.26816109  
14.552936  
-5.422710672  
3.198262513  
1.874018785  
4.654280126  
-1.129291419  
6.607978707  
0.8735401804  
-8.522554581  
8.406535342  
10.42612905  
-0.311491183  
7.246718599  
-0.3251603977  
-2.087843259  
-5.305060382  
11.71952061  
2.59230396  
7.482244904  
-7.97961317  
-5.756163485  
-2.869778978  
-11.89826563  
-12.61336156  
5.72673131  
0.6694612248  
0.1391379902  
-11.0168375  
-2.860039276  
4.201750343  
7.023764511  
4.181583998  
0.281682685  
18.88588063  
7.052347081  
32.87999578  
7.760343088  
-0.1717604846  
-4.49681227  
-4.045866574  
11.18810655  
-5.5070879  
-18.08789468  
-2.797746123  
