-1.072934956  
-3.407698352  
-3.659294728  
0.9009047091  
-3.924332428  
7.368582857  
5.333809332  
-5.065842607  
-1.865896947  
-3.841816157  
6.631888274  
-0.5710756004  
2.130019705  
-1.320498261  
-1.213443759  
4.544769514  
4.346881292  
0.6753229233  
-0.270265103  
-8.84052763  
3.035444234  
-0.2621843502  
-13.16019042  
-2.478795151  
6.07270594  
-4.857257419  
-4.069676815  
1.901013741  
1.221865523  
-0.8352041408  
6.192276268  
-1.692450713  
2.10379281  
-1.181129584  
0.7194324747  
-0.9888727665  
-1.622521482  
2.320930689  
3.103656635  
0.5381472744  
-0.418252417  
1.337226444  
0.526203009  
0.2893620101  
0.7920498629  
1.520175231  
-0.9682671353  
-0.250605742  
-3.630449734  
-0.6853087842  
0.6269815385  
1.761375015  
1.346992907  
0.4296900958  
-0.3319870356  
0.8940994292  
0.3053038955  
7.129676584  
7.92079917  
1.892775756  
4.16921496  
2.239528079  
1.009585666  
0.9353125572  
-1.116389725  
-2.607801023  
2.735286917  
1.008831647  
2.731502863  
0.6776998013  
