218.6182765  
283.8107746  
-228.1614312  
-48.45000854  
326.0145227  
299.9681725  
-155.8259258  
341.0886452  
65.49616964  
65.86536541  
227.4263186  
18.82913756  
-142.8845846  
-110.7992756  
55.48645391  
66.41896641  
-495.6257856  
-412.7225807  
32.92018352  
-51.32762849  
311.0366295  
-151.3820778  
17.17305536  
-116.478702  
151.1901176  
-401.9350574  
-649.2720524  
108.7617966  
364.1028633  
-235.4126819  
-399.1947703  
52.99108801  
-104.5768937  
-20.99700103  
-374.209621  
-170.2760468  
-236.0380058  
191.337075  
40.4784079  
33.54417721  
-46.94915617  
361.3908234  
60.75727153  
141.4330517  
-214.8617196  
955.2200195  
24.70843215  
154.7865064  
-108.3349988  
-56.68239489  
-88.32094751  
486.5587534  
-99.71060178  
77.58032413  
64.95836718  
305.3275145  
327.6414854  
-163.9180763  
223.2928363  
-237.9658172  
-61.86447353  
-26.35447006  
-106.1387387  
110.4406517  
-240.8559838  
-189.7725119  
139.522222  
-150.0375258  
-244.1389006  
105.0922912  
