-0.5551554828  
-14.76684066  
24.35025849  
29.35359841  
24.14443029  
11.01208738  
-4.345211293  
-4.493637507  
16.53378424  
-15.84269518  
-14.32290237  
-2.990970957  
18.68201829  
16.68086352  
38.08929804  
-6.32987263  
-8.934436847  
-1.158222513  
-2.539669352  
-70.73966822  
-26.90434  
8.009085707  
15.38150892  
20.33838589  
31.32689924  
18.35355681  
-26.85636958  
-57.7185494  
-21.84201923  
-13.62921192  
4.611572104  
18.32651144  
-13.05198696  
18.70020102  
7.786824992  
8.454156334  
52.16766869  
3.109713706  
-54.79485322  
2.514583603  
6.559332332  
-66.16521128  
17.65916776  
4.081975251  
-2.92752704  
-13.17678633  
-24.69356023  
35.07723857  
-10.89542616  
4.33914324  
-23.30253548  
-2.772490785  
2.856112103  
13.06200186  
6.356745735  
-33.40640451  
-17.27047527  
9.567872624  
-11.83033526  
17.44442959  
-25.06644603  
1.562147517  
-17.93041431  
-60.28773466  
-36.46229695  
16.06222268  
-0.3828358788  
-8.355497721  
-28.77806268  
-51.48387532  
32.008646  
-43.31445909  
26.11056288  
52.92585846  
8.591478109  
3.19116048  
-0.464111364  
33.2975484  
27.56239743  
