-62.28549048  
-37.36435604  
-365.5016614  
83.17367323  
59.06271444  
-155.914815  
14.12329924  
35.61044257  
-95.21138144  
-47.76069123  
-42.62715494  
-50.26263204  
35.35216849  
-116.0993432  
223.4015072  
-21.06060936  
162.2458273  
401.1383322  
182.1016433  
-59.02863432  
44.0303693  
53.51481742  
-4.32439963  
14.06667682  
35.54374763  
92.84724317  
9.59112349  
267.1797902  
39.88538047  
-106.0572347  
297.9032588  
-89.56655089  
65.84861424  
129.6376652  
113.2422828  
140.4736831  
166.1521284  
69.82388528  
11.98065467  
-233.9811323  
97.87668246  
-100.3848807  
-64.85489795  
155.248361  
66.86398406  
-452.9257186  
-13.8554153  
65.69335013  
16.05940339  
77.74533374  
-10.53355284  
-173.8736325  
40.49533708  
49.01209079  
242.8489801  
59.48366404  
166.2630551  
-76.39108572  
10.89230574  
-47.65536299  
-118.3519984  
149.8594561  
43.8314904  
375.9552545  
-305.1905489  
-2.872416542  
58.61962427  
-156.1195485  
111.0013471  
-171.3568141  
