-0.9736442971  
-14.35389259  
-0.5472107887  
3.159802162  
-8.199647255  
-4.235142388  
-4.864388227  
-7.760281494  
-5.493478224  
-0.07456857681  
0.7639091301  
-1.804580865  
-2.721142401  
-10.79448004  
7.052726071  
-16.39174676  
-12.12474091  
-0.03730511129  
-2.665731055  
26.01930287  
-1.3750356  
-12.54612629  
-8.22425734  
4.033025403  
-16.42965676  
12.31087062  
30.00784584  
6.257704352  
5.27833222  
-3.537857914  
1.158437936  
-6.598475935  
3.67760032  
5.52890517  
-0.7846484244  
-4.080559853  
0.6763133943  
-2.175211529  
-4.765328217  
0.3450476345  
0.5456728458  
1.35476373  
10.55956017  
-0.2561871317  
3.75677606  
-4.092083125  
1.392570516  
-1.73606466  
-3.027048812  
-0.3216464305  
-3.442058876  
3.514872217  
3.683737959  
0.5392093107  
-1.872412486  
-7.899218369  
13.00943694  
-10.12148088  
0.1682468081  
11.09478848  
-2.241872213  
-23.6922671  
2.831045949  
-6.220286564  
2.381683173  
4.75370363  
-6.428613648  
5.222426319  
-7.159214075  
-0.3100199676  
