-116.3592119  
63.3244257  
12.54173392  
-88.7083946  
-73.91615728  
25.37471104  
-116.2129716  
95.60974903  
50.78981187  
-37.24277203  
-12.13795563  
-20.49107285  
28.18142796  
35.58284065  
232.9802527  
-52.83286051  
-93.22902849  
-115.2427676  
-18.31945684  
-119.9693207  
134.2026737  
-5.726716633  
160.1205992  
76.72102534  
69.37511851  
126.417504  
-18.19043778  
-93.84729443  
12.68892831  
5.501243873  
98.55161283  
53.43562892  
101.702885  
82.93133202  
21.55198294  
66.64871502  
16.74151123  
-24.26314552  
18.02432913  
54.82566382  
-46.04883677  
-58.3473498  
-14.76623761  
3.206898842  
28.59344223  
253.9722438  
116.8264306  
3.148140246  
88.87793251  
218.1081598  
-52.24295794  
-50.41389431  
-21.13953903  
-0.4621709633  
1.841944814  
-15.86978115  
-26.44608297  
135.2411484  
-43.06417458  
55.39673668  
21.59301392  
17.25437035  
-10.07781038  
73.83902252  
-57.00769495  
47.25920101  
-52.68018475  
128.6660098  
38.42034994  
193.1428502  
