73.17857259  
-21.27996125  
17.85285331  
18.15962734  
102.575463  
-3.107607955  
46.42997506  
31.33729614  
78.93492444  
-29.17440317  
-67.5204189  
5.257808057  
28.32544433  
-74.61592115  
-8.670581563  
-18.41074545  
29.59625549  
35.51003445  
-62.16575883  
-105.4358227  
-54.6055486  
-109.9856148  
3.619308901  
62.41804147  
2.483008989  
-80.07734877  
-9.171992334  
-138.7914197  
32.44441465  
-40.52593635  
-122.0560582  
-55.71470159  
34.4366854  
-107.4226583  
22.58039168  
48.78781443  
-25.79188391  
-21.61587739  
21.16918736  
-31.99675355  
-40.84294554  
-43.16084013  
-1.357703682  
-19.78944995  
13.5559245  
-27.69250526  
20.6716661  
-8.911029243  
-8.150059859  
-8.35012999  
72.4693375  
-47.71746877  
-24.7446758  
9.508673636  
-75.03748887  
19.92991268  
0.847224172  
146.6559601  
-71.55791976  
-43.31633059  
-47.95699803  
-1.155383285  
-16.19722373  
-23.5201283  
98.66932933  
-129.8472113  
-70.39114431  
107.7146815  
-59.86048393  
-48.50192626  
