18.44140464  
-11.43206269  
-0.9934794065  
-30.29029506  
10.68522859  
46.73908421  
3.700439148  
3.202892515  
36.94085168  
-19.2760641  
10.28120566  
-2.380195848  
-11.78115445  
9.118330179  
-18.40887001  
15.83547261  
-17.94610599  
-3.157923287  
-6.903926203  
2.819633161  
-1.188322143  
-4.342147027  
15.73053924  
14.45014917  
17.52645863  
4.414631274  
2.339859201  
-1.618352859  
68.0272139  
12.80342751  
7.778786705  
11.8077784  
-0.9570619599  
18.92120605  
-2.007449637  
10.65834438  
3.544167803  
11.80522089  
-2.451566671  
7.035111273  
-16.31478624  
24.85900717  
-31.01787096  
-24.64870231  
-3.822045942  
46.06420603  
6.23957415  
-7.908814553  
-6.743426915  
-12.75960776  
12.07699054  
15.96266516  
-10.40145474  
-7.800107428  
-18.51306885  
8.710360431  
20.3640373  
2.951881755  
-15.6301088  
2.564770991  
-10.39920715  
-4.449523826  
6.819953738  
-33.70335527  
15.98655096  
-15.99592705  
-13.75540072  
13.22318209  
38.26260453  
-51.15956085  
36.07901182  
26.04350101  
18.38667248  
8.3480176  
-25.37237757  
34.15174464  
4.728644613  
-28.7626993  
23.61104548  
