215.8260841  
2.332420152  
26.30939827  
-15.15489065  
57.54448348  
93.63936435  
253.3973478  
174.6563063  
23.32966324  
358.3978572  
143.2447649  
142.9371628  
120.2217029  
7.341650415  
7.284534601  
-59.86550598  
4.825466367  
80.51130476  
136.4127072  
1.328356229  
217.9794755  
140.963487  
165.4009519  
-10.18606896  
90.02246554  
219.4864525  
-26.69964972  
189.6393242  
119.3800863  
58.53377156  
187.7435752  
5.170177551  
-2.06911087  
483.877219  
318.0348084  
-104.0877551  
157.2356396  
146.5620111  
135.8406314  
36.71038147  
26.42966733  
97.27820462  
128.8439495  
16.85612732  
81.9378347  
24.79047319  
162.6168286  
45.75531125  
282.449989  
129.5091585  
135.0956076  
141.3659959  
164.4587504  
-7.17169106  
-72.56960313  
92.08524601  
69.53314609  
-14.97310892  
114.1194106  
47.15285106  
72.40598682  
113.5888712  
253.5868195  
173.1339212  
5.908051511  
-45.24885562  
-28.65438722  
343.5776744  
250.0900489  
22.82891871  
97.07093699  
19.6289156  
74.89416292  
131.8753048  
5.943182542  
168.9890478  
97.33297623  
152.9171348  
310.4691428  
