162.7547662  
-41.0318278  
15.91421701  
12.50788332  
19.04177217  
-6.814421685  
-7.735833622  
-148.5209031  
180.3232035  
14.11359276  
7.970512975  
35.67568806  
-2.177835431  
-14.51607526  
151.6321822  
-86.43267524  
79.59267749  
-39.86977466  
130.0739066  
-246.0478145  
93.02373445  
102.2121347  
48.40476594  
174.7396882  
-20.30652158  
5.806873806  
-56.48109811  
-21.0928917  
-16.96114589  
-15.74480238  
134.0419197  
-31.1709553  
-49.87094205  
-54.91406542  
-12.31278343  
-37.5298633  
-78.42000943  
-53.00194834  
41.94884694  
22.68868502  
173.3669214  
-26.87422085  
-36.13411974  
-27.02367232  
62.82628459  
57.13258899  
34.37512367  
66.14771274  
30.05984213  
-43.73631267  
39.19620765  
-22.19607523  
123.7231469  
-69.88022011  
57.18935634  
-80.31518327  
-33.06188396  
49.62199543  
-59.8188543  
-30.69845455  
121.2481389  
12.08168824  
-100.5261588  
-9.283905129  
77.71440697  
-49.79156494  
-11.17412355  
91.70461895  
84.04338935  
-18.7849795  
447.8832437  
-58.49377266  
26.32515169  
78.25601964  
-18.31629467  
53.35358134  
-46.30611161  
-552.9652433  
140.9908991  
