131.4347649  
-15.24016163  
38.31630887  
38.27185972  
21.34767304  
80.53587971  
141.4708103  
50.028796  
-9.397617918  
206.3645514  
112.8830147  
114.4267917  
72.00733178  
0.8472423526  
32.27601622  
-78.46247566  
19.79410208  
53.38720625  
71.02210634  
19.10457343  
189.4513418  
93.0535715  
110.342693  
-31.30459462  
61.56763803  
130.4122503  
-26.11281306  
121.2288582  
48.11469307  
36.57302225  
108.0896718  
39.71057353  
12.86704641  
311.9398731  
188.0380813  
-54.79076291  
95.53017359  
105.6805063  
43.48951762  
66.17616651  
53.08525915  
99.59434787  
87.29515009  
30.77958305  
79.11506942  
15.26537431  
91.16799361  
10.02685566  
213.6514709  
94.98187901  
77.58825759  
115.5713913  
120.1604943  
18.39665777  
-59.07751127  
62.12856749  
43.40875434  
-15.45390092  
51.29493439  
57.98764938  
35.81063853  
83.74525671  
195.4319138  
94.5109561  
-8.265650368  
-116.7984746  
-5.502351707  
194.744264  
128.4502197  
17.34511779  
64.71174237  
11.06182424  
47.32115982  
86.30762762  
9.088129104  
119.3426248  
53.74168997  
157.288508  
185.848178  
