105.1184633  
-11.65271435  
-52.11526542  
5.046381617  
5.989506302  
66.19880665  
18.50353371  
-37.90065722  
-60.3983363  
-20.095779  
-63.6494163  
14.63858603  
11.46111713  
-46.33364534  
7.91152091  
60.05457666  
17.33920368  
55.76863335  
48.34358537  
-3.598734198  
-20.12231937  
20.45562509  
-69.03787602  
-26.65154491  
33.83397934  
-64.25634733  
4.47846879  
-2.383323975  
50.37880722  
17.45782452  
49.44375662  
-59.47829798  
-21.14753353  
-71.78020896  
-24.20040916  
40.59313141  
22.80827727  
-32.75745231  
-30.00068132  
18.86155113  
24.78885077  
21.14699757  
49.41647728  
-36.43896301  
-6.001126795  
-16.95719672  
18.61382077  
35.2991171  
39.13626906  
39.86214375  
-57.72817773  
59.91341078  
-64.18364494  
11.15611513  
-41.7084767  
-10.51506907  
-128.3391262  
6.435358772  
76.27258018  
61.09846149  
-75.47774448  
95.22699427  
-14.18193217  
-116.3308944  
85.56668796  
-34.32491575  
5.82644783  
-14.83967175  
-0.2331985283  
-39.32136845  
