65.72393545  
16.23537792  
-36.14373919  
17.15525047  
-46.32620781  
28.37873078  
0.05364109476  
0.1794809977  
50.53009117  
7.962344138  
45.57692194  
-43.11380367  
-12.57066092  
-35.11337522  
-42.36294932  
-54.63447148  
-59.6530904  
9.091786333  
-22.59261967  
16.62917066  
13.32985212  
-8.04497083  
-1.933072472  
30.04890073  
-28.49139732  
-0.5753957272  
2.890264916  
4.024110826  
-17.87747351  
23.92851726  
-14.56486899  
-33.81649952  
10.30373319  
0.9264348507  
-30.01892338  
32.90505093  
42.00118844  
7.280244156  
-7.313252223  
10.16069087  
3.563316274  
-3.820927652  
-4.605753732  
-2.252804677  
-0.9942548287  
-56.2931648  
11.85445155  
37.57625961  
1.721892549  
8.813062751  
-5.589228344  
-5.468774784  
-8.907973647  
13.51473408  
-6.666964149  
27.8481643  
10.34075175  
-42.47294432  
-72.58080381  
-50.8368876  
2.216512229  
1.817352772  
-9.208507371  
1.28569471  
-17.42424957  
-63.15401541  
15.25210597  
21.03462766  
27.70019295  
4.508271779  
