131.879832  
293.5722021  
-162.1185405  
52.44003456  
-23.68428278  
-292.1743156  
79.96802216  
-61.51607599  
233.7562688  
-102.6811027  
90.51240401  
38.37425861  
167.6280058  
-90.70415397  
163.2425312  
-49.95598769  
-21.6809967  
-89.29362867  
50.86054792  
54.76925278  
-172.8608116  
-106.1728844  
59.92558732  
-155.4961186  
70.82983737  
167.5535666  
-4.237296104  
-7.333676147  
-52.77783832  
100.2813161  
232.4384019  
-285.1620204  
6.761661625  
192.8454628  
-50.72936215  
11.95664854  
213.871476  
-20.8863965  
66.55445595  
-22.42603398  
38.90197306  
63.02162503  
2.173186111  
104.6034674  
-145.0402728  
-80.41088543  
-287.5207079  
-202.8121574  
-97.10534673  
-34.15776877  
-4.053285217  
84.0145711  
-48.6311348  
-62.24667926  
-12.39693012  
54.24121418  
-282.7798681  
-257.6773535  
-133.5133589  
30.63307076  
157.7375652  
574.8925865  
-26.00825894  
317.9298166  
-235.9186287  
-33.68214865  
270.2285753  
38.21904078  
-4.813278818  
-73.86018744  
