91.32840336  
46.29460855  
46.72639463  
51.61647102  
-10.54098978  
79.57492552  
170.2456181  
155.7603323  
102.9931091  
145.3599067  
173.8603487  
165.9504684  
92.00522099  
74.30838099  
17.13607449  
88.11962163  
99.39604341  
63.35964134  
158.5986133  
71.77930096  
48.63845123  
96.89209323  
121.4885066  
95.48160663  
91.30635523  
62.79955097  
115.565062  
87.14387544  
82.64220148  
46.72715566  
126.3792174  
118.0902324  
135.3131794  
208.2766585  
130.8237516  
88.47448007  
75.13014212  
22.06465968  
66.00609822  
31.65662376  
83.85166181  
139.9648018  
75.0630335  
102.109623  
57.34502074  
74.50658349  
119.6935158  
57.73532788  
66.59459266  
122.1085708  
85.19501507  
72.30924329  
148.9385555  
124.759767  
271.7700944  
97.52804467  
64.36974121  
20.23317698  
68.1775115  
64.28289571  
77.52265393  
113.6768469  
144.4845962  
116.6274683  
168.4605054  
7.872935241  
-12.97769869  
91.27803732  
111.4630288  
100.3560258  
177.5812779  
43.05779036  
166.9639803  
76.87344982  
108.3545447  
182.9203939  
36.55232018  
55.66950443  
173.0009526  
