-2.919409476  
7.175832124  
1.40254483  
1.409861259  
0.3529852004  
-1.995068332  
0.1140030868  
4.602580952  
-16.68385105  
3.321817012  
-11.34058599  
3.25514972  
2.182290443  
4.573301353  
-1.287077959  
-2.841129056  
-1.170517398  
6.186805965  
0.1616083032  
-3.354776976  
1.833718538  
0.16166022  
7.556088234  
3.670611877  
-3.40410023  
2.115624444  
-8.351660857  
-1.963500386  
-0.7755867971  
1.173490999  
3.516304253  
-5.35421686  
4.308201264  
1.258924752  
-1.135982954  
-4.932438888  
2.867993905  
0.2159474739  
-0.7821142793  
-1.589433072  
-0.6210720593  
-2.964015181  
7.50869038  
-0.1769367168  
3.25367039  
-0.3529590333  
1.462253169  
-2.142010843  
-2.615130865  
-7.777169221  
0.8161279327  
2.674922517  
-1.102263712  
0.7361151624  
-1.079331252  
2.637580393  
-2.359775189  
-2.900474939  
-0.6877919747  
-1.833081273  
0.4991196194  
-5.04052227  
2.683714019  
3.141796577  
-0.01209172964  
-4.574125411  
-1.131768726  
-1.0104391  
-1.225791419  
7.226357758  
