39.44820323  
-116.6409478  
40.99828766  
-58.29586778  
93.83200009  
1.222346805  
-86.1778433  
-26.88414892  
-20.84548028  
57.96373494  
-69.14446253  
-35.89693564  
30.67644367  
1.463409969  
-61.90250801  
-49.05666466  
-107.3617021  
27.22480006  
-29.48526455  
91.1313094  
-44.81687172  
25.20666168  
-43.3665277  
61.17304103  
-29.72245873  
70.2061382  
-94.53340104  
-61.54512688  
-31.33040802  
-38.31251039  
143.7165999  
-163.3768545  
5.74333645  
-4.024821145  
-32.41354526  
0.2689313889  
-9.513651621  
10.48959553  
15.98351307  
-36.80652998  
-0.7727521317  
21.4265459  
26.80602331  
114.8577186  
-54.86757921  
52.47180008  
-91.8776736  
18.44739921  
-16.01138067  
-16.3629201  
27.85322219  
18.64534864  
37.80424753  
17.56989378  
88.90211815  
-132.9135844  
-15.63119589  
-36.17624555  
50.77533775  
51.21100071  
-1.195938746  
-12.82077521  
-2.469512315  
74.60759644  
184.1185291  
-78.67638288  
109.5258025  
-306.3783356  
-110.8498931  
10.6861164  
