-7.963119482  
-9.091756714  
-5.178987994  
-2.621147945  
8.852455857  
-8.541228146  
2.163184558  
3.607255369  
10.64725614  
-3.285496776  
13.39652234  
2.161069799  
-10.96697453  
-9.849196859  
-7.676238375  
-3.518296855  
-19.8307308  
-7.198562347  
2.252945351  
15.67930246  
0.3481735071  
0.2968795576  
10.69557477  
14.86361252  
-8.260143404  
-5.80563269  
3.612335916  
-2.905652124  
0.1757541139  
-11.19794315  
-6.068591869  
-1.039718139  
-5.285803148  
-2.494711327  
3.14074252  
-0.3078056916  
3.865612077  
2.670009669  
-9.950481191  
-3.909562475  
-4.982057652  
-1.227574702  
5.958078449  
-11.76500118  
1.443354293  
-6.932799295  
5.2003678  
-4.231992054  
-0.07648760044  
-4.894847112  
-0.4279442474  
0.7737491974  
-5.301789543  
1.643271267  
1.082756074  
14.94174381  
-19.01018748  
13.72101629  
14.6210157  
-14.95702258  
0.4625026249  
-43.48516799  
-6.003585969  
5.477916529  
1.147237909  
-15.93160159  
0.6907477099  
-4.278864923  
8.130980902  
-2.448647385  
