9.637189855  
-24.4848902  
26.05236337  
23.8680734  
27.5005773  
8.839757149  
-18.17717505  
3.623223692  
25.62304538  
-18.78403358  
-13.60246231  
6.025673467  
16.33397845  
17.21043366  
45.01334941  
-4.861693526  
-4.78560055  
4.468412189  
-3.565584772  
-53.61694528  
-21.0279017  
23.85650414  
8.199238273  
15.36523446  
29.94286511  
16.83716076  
-29.12267105  
-72.91568677  
-16.27309215  
-12.24484722  
-3.533479197  
9.026500514  
-1.485735323  
16.49501193  
5.428731049  
4.709314311  
48.51773657  
-3.993795149  
-50.59029377  
10.00031666  
4.805107979  
-63.49197729  
16.91638229  
8.461418793  
-7.202773899  
-16.40252999  
-24.44659168  
34.65669117  
5.01941031  
6.865761013  
-23.12048253  
-4.747698545  
4.055642948  
11.50664172  
6.725112938  
-37.20167795  
-16.64213482  
12.81508525  
-2.392081917  
22.36411195  
-23.82709635  
8.188263222  
-21.47155081  
-58.61592039  
-35.76051079  
22.15965066  
9.906648846  
-9.255885117  
-27.53838807  
-49.75148456  
25.49071793  
-33.53105566  
28.22653996  
51.84393537  
-4.027006811  
-7.399835204  
-1.505339664  
55.67970185  
37.35536596  
