-13.57788771  
5.69440514  
-43.29029858  
-1.279377799  
-28.7181755  
-28.96333669  
-6.879750798  
34.84052246  
-39.10622957  
13.54030375  
30.43636437  
-46.63277349  
29.57662727  
-21.66232324  
1.516094177  
-26.61213519  
-7.517794378  
17.24022875  
36.52962961  
49.28175792  
65.91608717  
47.77280854  
-0.2135823542  
77.15699002  
-4.493243475  
15.70720891  
-33.1422037  
26.16319522  
32.24379243  
-10.36402202  
61.0293247  
-56.71997464  
-13.8670173  
61.18443028  
-7.885573908  
-24.41833618  
-13.05170906  
-12.64266764  
34.30961147  
-31.86025241  
77.54505724  
-35.07199569  
-35.74782722  
-63.73614522  
-27.6424599  
15.35953093  
63.73360083  
59.43313119  
48.10111796  
12.7826336  
21.35924071  
20.36146334  
-7.025525431  
17.40049082  
4.708881271  
-33.98257422  
-2.200398876  
-23.60087675  
24.42780194  
17.9819616  
-3.346091768  
38.8995565  
-3.887082749  
-25.38466527  
-82.48048585  
127.8377661  
-3.83304799  
27.53356635  
4.738576197  
-24.93211977  
87.02456803  
-9.823770463  
18.73996477  
25.47258242  
-22.84176114  
34.24445471  
-34.30439306  
-9.805616625  
-6.239627846  
