126.7318161  
-198.1689103  
36.17052032  
-77.77362534  
-117.0908945  
75.26540142  
33.17639537  
87.76772185  
-358.9187571  
-183.0256978  
-39.52520874  
-224.8718153  
-284.7268558  
-165.9476995  
387.6957264  
-333.4920197  
208.9151827  
-466.9431538  
-251.9925752  
2.179506988  
-617.7035717  
-416.7996747  
-333.1379777  
-229.8999647  
-562.4460963  
-200.8744925  
583.8683651  
534.0090253  
-616.6231898  
-12.0249394  
-64.66332822  
338.2832539  
-33.82911617  
-287.7782246  
-105.7931165  
-150.3991314  
-341.7627234  
-11.98407677  
-204.4112138  
499.9256888  
-84.03920295  
-76.02275427  
-296.1660963  
27.92493609  
-288.3936015  
-461.5583898  
154.8109674  
173.3135988  
-122.7863716  
-215.2393021  
-446.5100865  
-187.874096  
-66.42864317  
113.3492166  
-161.2127531  
-582.9791781  
670.9331422  
-367.9186327  
-218.3161355  
-148.2573042  
-180.2478307  
133.4161716  
-461.6562533  
169.5534241  
35.56468327  
-101.6132002  
639.7850912  
-482.6763574  
-2433.682785  
-107.94367  
