76.60979848  
-25.69495638  
35.89033422  
6.481655551  
9.239644376  
-13.01057213  
-25.36819278  
-36.49019436  
-86.95209914  
-12.05052538  
-63.54243408  
23.95522311  
31.36272705  
58.33414406  
62.9913119  
-5.306137027  
4.718573605  
-38.9398002  
-22.13228628  
-12.98582288  
-7.287927851  
57.74166329  
35.68581862  
-24.53306089  
59.00933567  
-82.29146397  
15.03975289  
-95.29104688  
-8.471556419  
-59.09932803  
-19.42137876  
-88.17716252  
-16.06080742  
-42.03893122  
-37.72510611  
-19.0763833  
13.08328074  
-29.90867142  
-20.42190703  
12.47528562  
-116.2120016  
-9.674625982  
-24.76319714  
-68.90694325  
-52.27039648  
-17.78652943  
92.25810302  
-55.26113079  
2.586821323  
66.31758624  
-8.781572089  
-1.768083697  
-58.376058  
-10.05721191  
-65.63739069  
0.2476016806  
-28.78460718  
16.27625017  
-21.90406161  
0.2223425551  
132.3682838  
81.02127478  
30.91062318  
-66.39242814  
84.05892464  
-14.13988299  
0.03021596699  
12.88952572  
-125.5982078  
-210.6333866  
