12.27274883  
14.50104851  
-8.997952726  
-12.2895239  
-7.773141107  
-3.045550136  
10.73691881  
-7.563393492  
-6.96214039  
19.1009152  
15.51706898  
9.496282999  
-8.538013217  
-11.87647949  
2.165739168  
10.1755227  
-8.20150037  
3.095090106  
-0.09325375727  
5.487138406  
3.417135711  
4.157845356  
24.87492767  
-7.1366322  
-4.844661883  
13.81969959  
4.037258169  
7.278881736  
-5.135323901  
-0.7895001292  
-8.253978303  
7.913346171  
-8.054055524  
-2.978120657  
-3.846858477  
13.17499815  
-4.614727691  
1.870335813  
8.015269992  
0.738764171  
2.043861076  
0.5593267026  
-0.7798374018  
7.501279643  
-4.697120659  
-11.10526598  
2.706508718  
2.586421435  
9.580756357  
-7.014513235  
0.8489967252  
10.16735916  
-5.01727699  
0.4252249947  
-1.205925537  
-47.59473612  
12.8739181  
-14.74253113  
0.3535895354  
-1.234403892  
-5.124772282  
35.90047393  
-2.855900322  
-3.140695644  
0.7347258764  
-2.30185362  
0.9240462159  
-9.375703192  
24.38273176  
-4.787603481  
