56.50570398  
-32.81817694  
-67.45820653  
-87.87391784  
-2.740243973  
0.8153005108  
12.51664277  
-16.57658694  
-51.59314715  
-22.9000908  
-23.99601849  
-36.80832827  
-42.48926159  
-22.26872603  
-82.9151262  
-20.66996537  
-176.3104415  
24.03417112  
25.07440928  
-48.27451118  
59.17761779  
66.24585322  
-38.4284285  
-11.10959793  
-72.42499675  
92.57748696  
-31.28219949  
35.43181668  
-65.00032012  
0.4326935314  
182.3121897  
-9.636019653  
-123.5867924  
-113.0532319  
-3.0325747  
0.1906916634  
-42.28490709  
-42.5040925  
-148.8971715  
-36.28111512  
6.793782488  
-57.24134291  
-44.50762084  
-123.313273  
39.97297619  
61.19633163  
-75.91335158  
-82.65497326  
5.573411088  
-52.62628095  
3.805227864  
4.463637083  
-63.17429216  
90.93196033  
70.29062031  
-92.13173345  
-234.3977024  
-103.5048184  
-6.841853819  
-22.05694449  
73.4518342  
-133.4352768  
146.7495214  
-63.77924423  
-6.571152149  
-215.7372858  
-15.10919042  
51.13849329  
-23.33458608  
49.50214078  
