5.497342675  
0.5345441408  
0.2780524254  
12.94995007  
-7.903334173  
7.400650156  
6.442252537  
1.740641147  
-3.654411806  
16.5288945  
2.687879167  
13.55859337  
-1.172016998  
-18.80707359  
23.02148412  
7.596646416  
17.57498248  
1.242437471  
3.334773484  
18.09099566  
-7.024840021  
-9.750520621  
-30.37522926  
4.452606039  
9.26120937  
25.38258822  
-9.675721629  
6.70374669  
2.944901411  
8.879713901  
5.411262343  
7.995813643  
6.752171659  
-3.394435369  
-3.476756344  
1.473680232  
-5.7733686  
-3.286222633  
-6.748629074  
12.04199756  
3.111649292  
4.916051835  
4.737995056  
-3.218627411  
9.091553299  
-3.596336099  
-5.456329465  
-1.221103761  
12.37193642  
-10.04013629  
-3.930641682  
-8.988495793  
3.818591756  
8.149412384  
-2.726922671  
27.37323933  
-7.978575516  
-15.18099983  
6.75834931  
12.1165649  
-5.994425273  
11.57804063  
-2.604358908  
0.08503435602  
-2.465296754  
23.1738809  
-3.378904429  
-11.77327284  
51.14265256  
2.701729528  
