-28.35065622  
-7.597643685  
-6.628590765  
29.67385649  
53.56398868  
45.47666468  
41.82878217  
-6.185795004  
34.22764875  
-21.32700495  
47.79169604  
48.34637418  
24.44273494  
83.36518775  
43.18740395  
60.3270169  
1.091891196  
22.80713629  
44.98214286  
45.17430997  
3.791853071  
-0.3982603767  
26.09891353  
24.97907088  
30.10977349  
47.28524384  
-46.14926981  
117.0701146  
52.52683015  
-1.777859246  
58.355657  
-23.69977449  
57.08701318  
27.75467107  
84.19694645  
69.11234851  
47.1782552  
59.41374692  
-1.454467373  
17.38083479  
55.97107532  
64.78788945  
-3.077099773  
-1.802183005  
16.14954057  
51.43351928  
6.034152862  
6.61109998  
30.4767119  
-3.381164014  
-4.667209445  
37.71811142  
40.07011046  
-7.509421407  
103.1969436  
14.12535504  
56.45789318  
60.43730677  
124.7612425  
-10.94819221  
69.86584211  
9.348863323  
-13.45939996  
65.24733842  
-29.84740202  
133.0342117  
32.44755016  
22.84097432  
-8.696591696  
29.65482245  
112.7032895  
-4.417235499  
8.240443945  
6.853958529  
80.39329982  
9.064538758  
13.08725924  
-10.93932121  
54.10924104  
