15.0551284  
23.49924348  
-10.24909655  
13.51097593  
123.451092  
85.9867246  
-23.77682527  
31.64648587  
-52.63157082  
-3.003243065  
-58.22089882  
-35.73921337  
-2.134117587  
62.35391947  
76.83051081  
-82.77105122  
-53.29649283  
-28.34577317  
16.16275085  
70.99470495  
28.5285298  
-85.64574655  
-167.4037341  
85.96159197  
30.80575644  
2.203041236  
-252.0944936  
21.08646791  
-11.21498549  
-28.27795046  
-65.6037358  
-44.32624965  
-61.92987747  
-141.0567874  
-7.536252205  
-218.1302315  
7.397002792  
74.43674726  
12.3404981  
-46.1813441  
-8.695086221  
1.29670469  
-8.001047198  
35.71967258  
-90.41382631  
-45.69598885  
39.81416833  
43.44739917  
-19.26886985  
21.66520941  
-35.77588636  
45.34333162  
-48.39455328  
-80.67227046  
147.8875077  
-20.63439325  
20.72094964  
25.2148289  
-20.49772971  
-18.27819047  
-47.75675077  
-37.54063002  
-11.89955333  
26.44220352  
-153.6580228  
131.2280571  
-84.49981194  
11.96503633  
-118.5650352  
-92.71238521  
-43.25916761  
19.5646361  
-4.396928859  
-14.35221847  
-380.3988932  
-220.5453302  
178.4895391  
235.7919441  
48.04097314  
