-3.597742749  
-3.180796795  
-15.3129014  
1.162170752  
-17.00100284  
-16.24054121  
-5.417919036  
-18.24973873  
5.123230105  
5.252441873  
-11.41327854  
0.2966793974  
-1.111246172  
17.88860321  
3.975495723  
-1.006651547  
-6.518081692  
-0.391388052  
1.364000153  
-5.092263083  
7.602015431  
-0.7985695385  
-19.15626049  
6.581321246  
-1.271611903  
0.6237399777  
3.508438163  
-2.010133035  
-3.740103222  
0.9816791759  
1.989141184  
-14.19878911  
-3.182356368  
3.125623287  
0.2774543663  
1.937480771  
0.4396046541  
0.416719882  
-5.684064971  
0.38991239  
-1.796917676  
0.05540933408  
-1.564049445  
2.28250028  
2.332688285  
7.672233337  
0.685882178  
1.739148714  
-0.7703028321  
0.1946663393  
-3.175912619  
-3.252351069  
2.325602035  
-1.058710039  
0.07191992799  
1.32258945  
10.84403238  
-8.703570366  
-6.426282597  
-0.4107406338  
7.790997658  
-46.9764274  
0.6961518567  
2.494327824  
-2.012146739  
-0.8767715361  
0.8611966636  
17.51690123  
20.82388663  
-5.947829664  
