61.93391963  
-33.30399659  
-3.388110606  
53.66656928  
177.8311637  
41.76687696  
33.73830008  
86.82618306  
20.14527633  
4.211892868  
44.59935731  
12.59715638  
106.0726218  
27.62784305  
3.811329326  
-67.19222054  
115.7137738  
32.21330516  
81.55281969  
9.605086963  
79.14865534  
49.94695837  
-6.625684874  
25.75827756  
61.83028596  
126.8346082  
139.8492  
10.86059153  
23.61003401  
158.1159211  
-17.71094168  
44.06747959  
-12.24409365  
119.6499431  
42.92276582  
1.144898478  
107.7930208  
-5.531200913  
86.15690217  
11.75391655  
83.21961983  
-16.00674622  
55.80772063  
77.42531722  
66.52689636  
48.59280362  
22.28989607  
38.23688456  
69.2216681  
106.8520577  
54.66524121  
-38.22147189  
151.7685219  
-17.76373468  
-24.53954333  
-83.2688687  
61.44427632  
-51.55950011  
159.3175631  
55.11357655  
12.04797617  
182.3567907  
-1.581396632  
138.8821322  
101.3348487  
1.02191844  
198.9174952  
-2.748683813  
-145.3709188  
156.3749916  
