3.514374947  
4.221225669  
-0.2838059763  
2.485411808  
-11.70986981  
1.003544556  
0.802776676  
11.36801828  
5.586809017  
-3.372983761  
-14.35020411  
1.445489643  
1.061804861  
0.6251011665  
-3.444089654  
-13.09034812  
1.773340017  
-2.121773858  
2.646454051  
2.05542498  
1.326993729  
-1.149619511  
-8.124844159  
-1.53719176  
-1.341427992  
25.85920458  
-7.164106508  
1.423074904  
-2.648822306  
-0.1088075827  
-1.161414972  
2.97853229  
-2.37920512  
2.247052607  
1.75570029  
6.670027604  
4.872175795  
1.372711608  
1.17978345  
2.243372289  
-3.325300934  
0.3283105828  
6.226623803  
0.009014766974  
6.945567829  
0.0664020062  
-2.748404441  
1.30204399  
7.633390625  
-1.633131836  
-3.845113235  
-1.534317569  
-0.9574383159  
1.655698555  
-2.052553544  
16.61669738  
-1.502289924  
-8.95997645  
4.347678845  
16.31165046  
0.5411917744  
10.12080871  
-1.915346398  
0.8799681763  
0.9545622719  
3.19217451  
-3.417534657  
-8.390816218  
-4.855622169  
-3.156344742  
