17.71251984  
2.183600044  
14.72745209  
12.33157043  
0.4562334061  
8.89445343  
11.52012787  
-18.3633728  
18.93483429  
0  
-6.372221375  
12.92188263  
-13.88170166  
-17.58060608  
-25.26156006  
-2.248113632  
-4.624951172  
-2.744282722  
-12.2441658  
10.38290253  
-8.404906464  
-7.956123352  
-3.866572952  
-5.142463303  
9.941172028  
-13.64336548  
0.9861508369  
-23.54609833  
-9.398500061  
-25.16573181  
-0.5835095406  
-23.8508194  
5.964181137  
4.811314011  
-1.023753834  
13.33001556  
-6.735111237  
-7.286780548  
-16.94610901  
14.01396637  
24.01986084  
-3.177008629  
2.720633316  
2.678991318  
8.809508514  
2.436824799  
-0.2816315413  
20.38094177  
9.468190765  
-10.91024399  
19.94367828  
-8.222957611  
11.82571945  
-4.287953568  
-11.34775314  
-6.571802521  
2.120157433  
8.641799164  
-12.4897316  
-7.5494133  
12.64916916  
0.4696579456  
-13.17909698  
9.042772675  
12.93491516  
10.90748367  
-47.71091309  
20.50273285  
27.55516052  
5.975433731  
10.64997787  
-28.76934509  
13.48532257  
9.221678925  
1.205898571  
3.32053566  
-17.34260864  
-28.84135132  
6.225943375  
