55.85517508  
-28.20039805  
13.71229828  
52.1883258  
-7.269424356  
39.73463292  
26.63242563  
-66.9553369  
-68.40331307  
26.03638905  
27.54739518  
-4.180743176  
-62.04016617  
4.626336575  
-12.01914479  
20.80863248  
-68.47759336  
-35.00870984  
26.92048806  
8.544570495  
-257.4334229  
35.70295591  
38.94973179  
12.99023107  
-9.226800542  
32.3218213  
-13.962207  
52.33449635  
-45.33676655  
-87.90656266  
39.30502319  
48.11981076  
-37.10006048  
35.57682787  
-42.45788218  
-32.18231697  
-70.86034865  
-0.896859243  
-9.795267598  
-33.10556718  
-11.22623831  
48.06413272  
7.37991712  
-29.85345051  
3.773133206  
45.68931369  
78.98905461  
4.502212861  
38.17730552  
77.50628465  
34.71395151  
137.4814472  
-5.42974791  
-43.06804443  
-41.641262  
36.65347954  
-64.39492903  
103.3034224  
53.18562428  
0.5733771221  
-4.738818251  
36.0943775  
-21.29384772  
-14.94064052  
115.3058605  
32.45149751  
-15.64981693  
-27.88832379  
124.8533826  
-1.589158832  
