62.74968672  
43.17365215  
-13.25367035  
13.37687451  
2.047625478  
26.64837691  
-8.970312579  
96.404616  
-10.52880732  
12.67968274  
65.52306511  
42.77688412  
92.41999957  
98.51075119  
32.80184217  
81.70308407  
21.26451527  
4.566813132  
-2.769895946  
73.63857661  
63.97461231  
175.7370454  
96.13661005  
-128.1409422  
151.4236515  
19.23682485  
103.1344929  
26.42842588  
99.26889307  
114.7220974  
62.07806279  
51.64068162  
38.78990102  
109.0486517  
63.45146025  
96.49623366  
19.09626179  
41.72909998  
39.27100893  
68.35957086  
137.3694209  
5.88738347  
22.82722563  
-2.461734077  
13.89955235  
59.12438533  
-17.73591299  
-2.600532913  
21.600791  
96.68476096  
7.912043061  
1.68716821  
34.44968259  
147.5246805  
130.8393084  
-25.8601575  
-19.81449333  
27.61590637  
181.4254724  
57.16387108  
75.15089969  
92.09292713  
13.24764381  
142.5171303  
249.87252  
-58.38656488  
-49.92726556  
151.6297653  
135.2116373  
70.75074633  
19.01065189  
71.20544489  
151.9867343  
118.4684297  
111.0331987  
95.21390826  
4.158592221  
-28.36043381  
-92.95127068  
