200.7338339  
-17.81381913  
-21.60175711  
38.66327432  
70.94699864  
66.96588411  
38.90624721  
44.70005854  
-74.87357768  
-40.72000676  
-6.115699425  
44.50614316  
87.43487376  
20.67734633  
-283.3978162  
-35.92083219  
49.86844143  
-14.83915393  
-45.47576268  
-138.2084672  
86.34543385  
39.5375672  
-21.58169939  
-126.9222774  
-47.16543929  
-71.12124534  
178.6457164  
200.5378081  
-126.9327115  
38.99411045  
26.46589352  
98.63403781  
107.3372124  
201.5684056  
49.26899522  
6.369228663  
-186.0965006  
30.61623157  
115.389048  
56.4334427  
13.26659273  
-112.07029  
-17.70927361  
63.57928997  
40.76367947  
566.9548983  
-16.79423398  
79.93206646  
60.96656996  
-7.319792557  
-44.72238255  
-19.35439511  
89.51326915  
133.4223271  
90.38008443  
-133.1991521  
-57.62603578  
-112.0548075  
114.6072774  
-86.86042099  
-82.0102235  
137.8260585  
-47.8676453  
49.35330604  
97.38081937  
-148.1616473  
191.4308838  
158.5941508  
250.6478273  
276.8565292  
