-2.128268401  
-8.854495372  
-5.748902401  
8.796394196  
-14.76390089  
4.927898676  
2.697008812  
-3.848727805  
2.583238913  
-10.01083127  
-20.82216925  
-2.375647569  
-8.775077364  
-20.63127418  
-1.098333212  
-3.578290754  
18.00665304  
2.916884925  
-0.7124048836  
-26.51330173  
-3.530829394  
7.579775857  
-10.63254379  
0.0962739333  
-7.844030839  
27.79742829  
-1.173708672  
9.072889505  
-2.649067564  
2.522630858  
1.511747171  
10.18504471  
32.94568308  
-2.043439201  
-0.5515472089  
-3.036197042  
-3.724733898  
-0.11449922  
2.369655669  
2.775183158  
-0.6997128046  
1.119044562  
-5.899896227  
2.776886759  
-1.867646646  
-6.002594113  
0.7503245829  
0.8347064902  
9.055964812  
-5.516776449  
-4.247244981  
1.572750345  
0.623945057  
0.4792767893  
2.983747673  
-14.17860883  
14.28704739  
0.4387159232  
-2.611528213  
6.621258232  
-4.197723159  
-20.20600714  
-0.07368313273  
3.29744628  
4.119913842  
-0.5666227229  
-0.5434946313  
0.02094680181  
8.072689752  
-4.933818377  
