-3.794957199  
7.498320542  
-0.7746543511  
-20.26259529  
14.7187603  
-2.543620001  
-3.160304257  
-4.52352911  
-6.4973705  
3.387017019  
-10.95249856  
-17.33633242  
-1.816560834  
-2.670780815  
-7.42869783  
-0.00626046241  
3.59361  
-3.775411005  
2.118570599  
5.535412202  
-1.307810188  
2.983984413  
4.543210675  
1.261389148  
-0.4171515923  
-5.464160002  
4.226859192  
3.833976878  
1.651411743  
-1.267525035  
10.47070435  
-2.283141222  
6.131853562  
-1.72681889  
2.193801107  
-2.974046693  
-8.18399473  
-2.638103593  
7.850063149  
4.215677015  
-1.987078221  
1.684697695  
1.269719394  
0.9420301782  
5.784328916  
-3.906868296  
3.788084752  
3.462352632  
-3.071302229  
-2.492359278  
0.9643587957  
8.337631125  
1.276229786  
4.278886991  
-1.207476138  
-0.6822977267  
-38.72184158  
-2.23860965  
-3.656259634  
6.692352872  
7.263522633  
18.00140824  
-0.9291108787  
-3.283751194  
1.35395451  
0.3078512785  
4.371750281  
6.035838857  
9.739069476  
-2.405843483  
