-2.762246089  
14.56055694  
6.374518296  
7.870706152  
-4.829565667  
-3.5385384  
-1.704159773  
4.903768649  
-2.310572457  
-5.38660568  
20.74862808  
5.992782716  
-7.595492501  
5.589493074  
7.633702063  
7.597894502  
0.8071681273  
3.186775976  
3.116325901  
2.218240817  
2.453080431  
0.9142712057  
-4.1201701  
1.884173553  
-0.5149892453  
-1.013479849  
19.89980453  
7.667521399  
1.03622486  
5.868434535  
6.253811542  
0.1525084012  
0.3126930322  
-1.75965822  
-2.018633507  
1.379645771  
9.833635422  
-3.110565912  
-2.448473728  
1.23746421  
5.029849323  
1.748921702  
3.887317915  
-2.517621671  
6.032494641  
-5.072694753  
-0.3784649919  
-5.655838844  
-0.8262192945  
0.4197091523  
2.162487835  
-6.559211778  
2.36621404  
-6.341375282  
0.5974611147  
-11.4911308  
8.627988245  
6.83339281  
-20.71751541  
11.39253283  
-2.122902689  
-0.4671292102  
1.106576592  
-6.295287545  
2.052268947  
0.4389132777  
17.37783269  
-0.3892372698  
-13.63391674  
0.365064453  
