-0.6517969323  
1.941157993  
-4.144868104  
0.3602990297  
2.729531727  
-1.394478783  
-0.6035951448  
-1.559363137  
1.695351585  
2.920262464  
-0.491300459  
-0.1049639239  
0.1002966668  
1.334031771  
1.59018627  
-3.95167765  
-0.3362399479  
-0.6466437285  
0.01215615877  
6.812999384  
1.479246371  
-0.7175467218  
-0.8407097004  
0.04626862285  
-0.3526621558  
6.618161833  
-7.862130725  
1.832892704  
3.11967893  
0.1701718676  
0.8822127891  
2.605947807  
0.5700154318  
0.5296352662  
1.81040166  
1.233192501  
1.626077031  
1.899808135  
1.34526271  
1.623253195  
-1.064112047  
-0.02282813172  
-0.07722605138  
0.6781382472  
3.015007115  
0.2265195847  
1.118882472  
-0.9870539224  
1.575066233  
0.5250083755  
-1.131431325  
1.597436888  
-0.7403935067  
0.952142658  
0.5249310636  
1.301018256  
-8.01548943  
-4.893572101  
0.1924151819  
3.192464329  
1.105706622  
1.337705681  
-1.918185573  
1.238536652  
-1.11003124  
0.8166884146  
-3.298435106  
0.2184502301  
-2.852476277  
0.4235365138  
