116.3569207  
-29.49673485  
91.89108035  
8.146649027  
40.92569552  
-15.94305886  
55.43125193  
184.625376  
-95.76457967  
-71.03365438  
-193.8428773  
58.76172728  
22.42294618  
-94.15026421  
0.2286920547  
119.954063  
162.6317082  
105.1291241  
126.8155357  
22.0945195  
57.75491701  
18.63136495  
-26.71470878  
-26.86360249  
-129.1566785  
-106.4650293  
-4.327499471  
199.5730184  
83.84457503  
-59.98619427  
-19.06961196  
-40.16250415  
160.9132583  
80.97588742  
71.44098272  
-66.27793333  
42.30465087  
102.9911981  
4.320245555  
-239.3937078  
112.426704  
-84.68765426  
30.26475073  
16.16953496  
43.39163976  
-68.63876269  
-22.7869341  
39.59713408  
88.55520872  
68.76551236  
-40.42371375  
53.35133707  
-8.229806636  
108.0276208  
-142.1316017  
-69.4149204  
51.93958906  
56.79316807  
31.67623821  
140.9789354  
-36.57164269  
76.1822349  
57.32828189  
208.1608753  
-91.06316187  
76.78002248  
-16.63431796  
46.11830929  
11.66328386  
-21.13300759  
