9.37838934  
-23.74512066  
33.6678248  
77.04119437  
114.9676109  
85.61700362  
82.54977727  
162.7958958  
23.46844902  
102.5950486  
10.7606899  
9.906276365  
137.5343265  
46.996069  
51.48348289  
41.00921904  
38.65005467  
46.69477676  
27.6892935  
-13.29256605  
126.3269761  
86.52628712  
30.6772615  
16.06020439  
80.28919567  
97.35078291  
129.9492514  
107.660787  
62.21786717  
78.74984071  
-37.24452447  
11.46580921  
143.8419303  
63.41032115  
16.62134265  
-1.132842184  
45.59107308  
71.38573219  
10.83088068  
2.295873175  
6.394940997  
46.01359115  
33.01276586  
50.38727702  
3.045863394  
103.2826396  
58.19278311  
82.44225823  
52.83104193  
177.0341913  
2.349318579  
142.7454209  
28.88308612  
-4.710715729  
82.66382827  
33.73197069  
92.23450592  
75.06765435  
62.93122054  
-8.572244326  
27.96018141  
161.7406578  
-16.32301963  
48.89232215  
12.00702164  
203.332919  
106.9839027  
85.58805525  
-42.52012268  
55.70023557  
