131.3318538  
-89.3931976  
106.1625747  
-128.5251072  
106.1864647  
154.1492994  
-56.38600402  
48.45712352  
74.32363831  
94.06807632  
11.91554731  
84.88444948  
-14.43316646  
-113.6301853  
193.7987811  
19.53204454  
51.52596959  
-27.28419416  
-102.9001698  
-22.85126036  
749.7981921  
94.72370575  
62.36012177  
290.0292055  
0.5156233215  
51.07267137  
67.93080485  
-15.83347203  
-75.02568378  
14.41842966  
-111.5005725  
-47.97012969  
147.5973131  
430.4466929  
127.5656666  
-102.8889853  
44.77283622  
17.99000437  
-173.4987072  
5.811039491  
135.8892626  
88.96937261  
51.46597954  
41.79381495  
70.82866572  
57.43753024  
-68.79240057  
-33.06131604  
-22.3227529  
115.1257893  
93.01114685  
13.78484536  
17.72556915  
-104.16974  
40.01778859  
85.511011  
89.01477502  
-96.07250225  
10.23145612  
-9.56333441  
178.8145728  
12.20190542  
-2.40609992  
-124.9792082  
9.164630022  
20.64563241  
-43.17312116  
-25.03817149  
138.3271303  
210.719765  
63.70033431  
-83.34596886  
29.46720537  
16.53371513  
174.5489541  
467.6820425  
-74.54640806  
235.7453393  
134.9060463  
