3.146653462  
8.850539903  
51.71256735  
2.968039826  
-22.38972412  
-0.1230093439  
13.33490068  
11.0864316  
23.19806975  
-17.57738811  
21.81418949  
3.998008619  
-29.55150901  
37.97047609  
35.03417687  
-53.42448111  
-12.53210222  
7.721194842  
-10.63741136  
45.1095694  
-2.436328304  
14.71959809  
-1.419846832  
10.03528165  
-36.40470303  
11.58947311  
30.08554248  
-14.08102568  
-15.69177817  
10.14846561  
-18.31926228  
-32.20391209  
-8.062313291  
6.294963782  
-19.60576823  
-1.987453836  
13.61994047  
-0.398684375  
-4.474358832  
-7.322901373  
9.163567326  
2.029318932  
-17.59916535  
10.44380108  
1.03159069  
55.13427003  
-4.113819449  
43.11711403  
4.122100756  
-17.16632308  
44.7134914  
21.40922809  
-18.24734851  
36.28678496  
3.750139909  
-0.9166613134  
81.71895388  
-0.7201091746  
-11.1537111  
-60.55980273  
11.16830224  
10.63977615  
7.216961462  
1.955485923  
3.429296261  
-10.60994803  
-4.374683402  
-78.34465229  
1.518119494  
22.46900335  
