9.999249339  
4.606942126  
9.584652475  
-3.067503938  
-20.58762957  
-15.47726805  
2.581799997  
13.05181521  
-10.53706129  
-3.694739646  
2.494285944  
7.002184825  
0.01182758883  
-6.779921915  
0.3785591491  
8.595250548  
-1.8123463  
4.519756769  
3.517141336  
-5.176313531  
3.089715785  
3.696155939  
-3.750557862  
-3.854809582  
-1.117879832  
5.621268314  
6.569838125  
-0.5524775848  
-1.492268631  
1.618939558  
-9.910701908  
-0.1420204669  
0.3070930846  
-1.097764693  
1.691476208  
-0.4324021757  
4.25565708  
1.587474686  
-0.8597752146  
2.689929552  
0.6500278402  
-1.545613602  
-0.9997818447  
1.756186208  
-1.040045413  
1.592943553  
0.4178132027  
-2.142077206  
-1.545916981  
0.3611778349  
0.3673625931  
1.56972615  
-3.98019843  
-1.25658638  
2.155237691  
-2.025970888  
2.959742704  
-4.669532738  
-5.80389519  
0.2404883891  
1.206452626  
-11.93108777  
5.84986069  
-4.354933915  
3.795866297  
-10.86265215  
11.15740492  
-4.20154269  
-3.528852386  
1.435056694  
