-131.1890824  
1.004551811  
-121.5603038  
-67.21103951  
-95.77483634  
40.72266914  
-0.5424663339  
-126.7380102  
162.1936657  
72.75003693  
358.8568144  
51.47658936  
-16.1261813  
95.31043469  
257.6945142  
35.70085049  
65.366856  
-46.61134563  
-170.9333289  
26.5260363  
47.28379536  
26.73344169  
17.52798879  
-36.76018781  
175.0018986  
69.73951505  
428.4305522  
-222.0156968  
-55.56790129  
17.74545397  
55.16763063  
61.46584914  
-223.0538075  
-11.52703857  
-39.69775887  
76.6609595  
51.67426607  
-49.01341771  
64.5435845  
271.9755415  
-171.9435907  
111.1466629  
-61.83096821  
121.6324811  
25.80649155  
-15.9392722  
116.0079595  
91.91650008  
-9.165451961  
-133.8392426  
-47.04389494  
101.0252197  
13.50651829  
-142.629899  
112.6379894  
278.8373857  
127.6981065  
-169.9479215  
38.93998038  
-17.98473927  
119.5692128  
88.90069076  
-174.9826357  
-167.5324673  
140.0711715  
-26.18530273  
334.0659188  
-17.47379736  
224.1083754  
84.32973724  
