48.39578249  
-7.739041656  
-15.10405724  
25.35754231  
-37.74228848  
6.786299062  
0.3168887879  
22.01598145  
14.39348957  
23.8699832  
21.67345578  
-2.697468434  
-1.13636592  
-4.185089512  
27.46214195  
15.66183134  
-0.4629524435  
-0.8475335677  
0.2632471515  
28.59089456  
2.482074912  
-7.779680742  
-3.315924053  
0.3825609429  
10.90563832  
3.051978026  
-19.54137608  
7.27600117  
0.8663882954  
11.30420336  
-4.033141817  
17.47575285  
5.019641756  
3.903662705  
-6.785132631  
-0.5830447078  
13.57909461  
-5.614722343  
-11.80779522  
13.92252168  
6.393790681  
3.788344264  
3.594240643  
-10.91229579  
6.744752442  
-10.01512755  
-5.380965361  
-9.306163729  
1.643198105  
-4.903868258  
-3.132893775  
6.990174362  
8.761859014  
5.175136641  
0.4163839766  
28.22007772  
9.771666708  
-24.59431658  
10.1318236  
25.54281919  
-3.065860938  
-2.209210812  
3.036473539  
-3.480427154  
-7.812684978  
29.36866375  
-19.54594032  
-2.339063713  
61.04495721  
-0.3786461907  
