78.91963026  
-24.86208388  
11.80549361  
73.93454258  
47.44168672  
64.99075351  
29.1378369  
144.1511422  
-5.026886191  
55.8940881  
-101.2449963  
-76.70868372  
58.71587897  
46.32111759  
131.5626178  
42.58205709  
5.775162339  
-34.33360612  
5.523261317  
21.54860782  
-45.35252845  
7.58219065  
62.93965398  
86.87825157  
46.9486568  
100.4293767  
-25.38978499  
4.487273574  
28.27556652  
17.12916085  
-8.881328662  
31.64993156  
1.861382472  
36.85979587  
68.0496732  
-49.69601861  
48.739498  
40.81938299  
64.515733  
11.63005534  
219.1947583  
21.79684458  
76.8803837  
34.77561207  
102.9883185  
197.7773503  
5.804048571  
-3.193848079  
-3.745375599  
50.16416623  
59.70322122  
99.18673621  
90.03594337  
75.79162034  
-23.81310563  
130.9644567  
34.59660715  
131.7091372  
80.91559328  
64.80077744  
-4.163458009  
48.51269657  
49.66880531  
84.77109911  
82.15584929  
-1.743075941  
154.5315553  
-2.503819508  
4.579468523  
5.214810422  
