1.987048149  
-3.870643606  
0.5089200648  
1.007571532  
-5.276821194  
-8.291687292  
1.734825399  
-7.800026097  
-7.894323097  
2.03854262  
15.21854322  
-2.634803279  
2.102562839  
5.782592053  
6.032112146  
-2.910519728  
-2.035686614  
-0.7362839587  
-1.411198263  
11.92866694  
2.193708981  
3.161179658  
-0.4610303446  
1.47277227  
-3.897280216  
11.95888016  
-8.940497735  
12.30626505  
3.675064367  
-0.9234344649  
5.244251916  
6.245568373  
-0.4061867879  
-1.255316277  
-1.222437126  
0.3523778959  
-0.44859959  
-0.7661025116  
2.725750794  
2.280990002  
-3.994027696  
-7.058304298  
2.251535581  
-3.918226088  
3.231971878  
-3.065446602  
1.994576674  
0.1982112028  
3.161660676  
16.27407196  
-2.909325347  
3.102788332  
-2.985918484  
0.008581177672  
-0.1802975278  
26.5956243  
-33.13148029  
-4.732895635  
20.81482916  
14.42914508  
0.3997791758  
9.34222434  
-6.06781058  
3.963106659  
-2.219819789  
-2.246775176  
-8.399381902  
7.105601409  
-11.22281238  
-2.353978148  
