4.979548329  
3.530703475  
15.16905376  
1.650125468  
11.11832982  
-4.110884762  
-2.709236275  
-2.200939438  
2.871973764  
16.28845587  
-8.732875021  
2.091375252  
1.186891399  
2.105926424  
1.402576393  
11.17205378  
-9.806031509  
5.208262276  
0.4258764759  
-1.920197212  
-1.322094269  
-0.06909484528  
-15.26445162  
2.822102758  
-1.866799335  
-12.06098001  
2.083982986  
0.6373956621  
-1.451867902  
-1.943957694  
1.180486453  
-3.624829683  
-3.576447204  
-5.907013377  
-1.66915154  
-1.178574892  
-3.543102852  
2.031606746  
2.115718687  
-4.464474463  
-0.8141192332  
0.2757683396  
2.392394564  
1.2532855  
-3.615289361  
2.177965705  
0.6863883371  
2.323688572  
3.447479837  
-0.3492682457  
1.457286859  
0.388627848  
-0.9012268245  
-1.487770072  
-1.950985241  
-2.127464532  
-0.9211231172  
7.46253728  
12.0150224  
-0.07357997894  
2.022526368  
20.13473598  
4.446444678  
7.950476718  
-0.4537384745  
4.289986402  
7.997375934  
0.8962110482  
1.312477151  
2.389960483  
