4.124543859  
5.490176465  
-7.259848777  
-11.95140064  
3.108239264  
-22.47584166  
0.2538446712  
2.329267995  
-17.60535223  
2.06680957  
7.638640673  
21.73759935  
-0.05592091382  
-0.5447887067  
-3.343559313  
0.302813828  
-21.00283437  
-0.45584207  
-3.162369146  
19.58786179  
18.50840399  
1.429644021  
-15.49345766  
-2.207035924  
-31.6491145  
26.09140756  
-19.0187824  
9.004802517  
-4.365724178  
-2.166677439  
-8.075288098  
31.85717028  
13.38670313  
-4.594236109  
-2.696205834  
6.94659997  
3.551749826  
7.065875617  
5.046842883  
-6.085657229  
1.740573312  
-1.486672076  
2.175596056  
-6.835673632  
17.92294383  
13.81112006  
-7.532551671  
-5.330303688  
24.34118402  
-3.052289911  
7.938478726  
21.67057558  
-1.841173985  
12.48619772  
-0.4359050826  
-8.283675005  
-43.49774521  
-14.45130406  
-6.882409842  
-27.95989362  
-5.735334608  
25.0780378  
1.331536728  
7.165320699  
7.556771384  
10.70386154  
25.04605632  
-23.01757664  
-26.16951275  
-4.596520801  
