44.04907468  
-17.2560611  
-47.04460494  
19.69719976  
12.40534429  
-67.30854893  
-118.0687892  
66.3224642  
36.5980333  
76.98563037  
33.69673671  
64.96448245  
46.35723019  
29.91842173  
-0.6645207802  
-17.62850348  
-42.24203761  
23.80103864  
99.28018279  
-4.129520966  
53.64243303  
72.46558936  
11.71332702  
-25.77372426  
34.97471893  
-54.93184544  
91.99497848  
40.68323632  
45.34269493  
-64.64906099  
43.7184035  
68.1403851  
6.883655866  
-43.37617901  
-60.09660684  
-20.30327337  
-18.63578743  
34.61863028  
9.189734735  
35.00872436  
-59.86751146  
17.77140866  
10.01432069  
19.98846324  
-31.06636874  
19.2515116  
-36.33252682  
32.98077892  
-1.631377538  
28.89242747  
-28.74910588  
14.46561439  
-33.19531531  
29.19566878  
-54.34062254  
21.12381413  
-72.70852364  
27.62971401  
58.32954968  
-1.055184894  
-65.93449582  
-6.035298533  
-43.77675957  
29.11422715  
-17.34344474  
26.06016515  
-6.343300502  
-38.47285744  
-125.0783397  
-42.16270002  
