84.75079857  
-1.134399631  
-8.101039095  
4.392392654  
-4.285784056  
35.13870752  
-30.7580337  
-31.49961486  
-47.40603657  
10.96067139  
-60.02460175  
37.90201791  
35.84658375  
21.7690178  
16.72022934  
31.42089535  
1.179347305  
-3.860198612  
-6.112225647  
-9.117015572  
56.39402411  
17.94431393  
-58.8913446  
-2.321913319  
40.20256901  
-25.96927666  
-16.04105325  
10.72888123  
-0.7038595104  
14.45600703  
-10.86907766  
-51.03844436  
-23.09638104  
-20.32966428  
-49.92657845  
25.83013759  
29.50661875  
-12.70939206  
1.754259512  
6.058482475  
16.33937264  
10.16621141  
-2.894539642  
-25.57332303  
-44.15602988  
-0.05745661259  
-6.68921977  
24.86878167  
15.86370284  
27.60634546  
-12.36928077  
51.46438116  
-28.92065374  
26.63470434  
7.280337491  
6.111751599  
-113.6324312  
-59.67049614  
38.55415365  
64.42568794  
-64.45101246  
100.8267315  
7.307755072  
-82.81463513  
-0.1483738327  
-56.14758868  
-10.69200741  
-17.30520787  
20.46404408  
-56.54104336  
