2.360211999  
35.41744907  
82.96907298  
71.71024757  
71.1823912  
-71.53257596  
37.68560728  
23.003382  
97.46787914  
67.74440735  
-63.17370952  
-13.36305814  
34.74943622  
34.38691388  
38.57346319  
-32.08309815  
51.68829819  
128.3781312  
59.7095709  
-29.30612  
6.133250387  
46.38247022  
19.64278936  
-10.91445895  
-47.82316254  
48.61529562  
119.7004204  
50.17251145  
28.12182396  
57.54151234  
5.851035414  
15.69884813  
-84.82211574  
31.77089139  
26.5930257  
22.81204579  
55.02170957  
-26.62080443  
100.4681693  
-7.198320416  
-3.48840026  
29.42291  
50.11120598  
36.9313611  
6.480878477  
23.81954475  
54.15243154  
21.73536819  
25.88206494  
0.8471037194  
6.803970902  
-7.417393901  
61.90382182  
-14.56478046  
-57.66317516  
-67.95886001  
19.0258463  
44.91091997  
125.1742936  
15.65796009  
-53.84110312  
168.4320181  
3.121579201  
62.9911419  
10.19183464  
-17.97276215  
83.07145589  
112.3503447  
-37.64202284  
124.0257187  
