53.73111346  
18.45095376  
-77.38613449  
21.78502496  
-52.35926589  
74.89636227  
48.05895521  
32.17311112  
100.6402945  
-38.93962135  
8.408736942  
8.956128447  
18.40973604  
37.5287036  
0.1880220572  
-30.35299492  
3.280391225  
38.82255208  
11.76890554  
-49.83271251  
-52.83654147  
4.021244283  
-1.653374992  
53.91882569  
-21.89580075  
-7.602004934  
12.2252196  
-18.48655001  
42.65625735  
-22.84435114  
-15.22563639  
-63.51429217  
-60.03014995  
-74.42075009  
-16.44391684  
27.21052179  
-25.52709728  
-2.665447125  
-20.23328335  
-3.778461081  
58.44259605  
12.89546101  
62.8545123  
-39.81431326  
-17.30822675  
14.66358583  
22.87114769  
74.49659171  
45.64803862  
-29.63929812  
25.37867381  
-27.07885503  
1.43256032  
-22.78999214  
-53.16809442  
6.716844153  
-33.88231165  
16.30031685  
-109.8726878  
12.37137319  
-41.13761315  
54.54021448  
7.917037116  
46.75151708  
100.4688551  
9.458775461  
36.15185671  
8.546860509  
27.75007407  
-39.84583509  
