10.38791987  
-4.092137263  
4.585961773  
1.6228179  
-6.106547921  
-1.030751302  
-1.68130696  
1.414623612  
0.4347405369  
-0.1756717623  
3.563043253  
1.792516327  
-0.0577674994  
4.195344111  
-1.046148144  
12.88295558  
-3.218604891  
3.168437738  
-0.5821988337  
-2.757775665  
2.021879482  
1.491905841  
12.85541766  
2.506334571  
-2.257261589  
2.203243985  
-6.49594358  
0.1515569606  
0.722938218  
-1.664988877  
4.025921804  
-1.648041431  
8.008033753  
6.171243807  
1.746676208  
5.559750109  
-1.607395643  
3.240588112  
-5.54555542  
-0.7585977021  
-0.7074823534  
-2.141356898  
0.9372395128  
-2.190557279  
0.9574705997  
0.4385425834  
2.388041958  
-0.5683010382  
-4.857899926  
-0.7665755792  
2.099773226  
1.302650789  
3.455430112  
2.885264903  
-1.054820026  
3.439574249  
8.579918703  
-7.303163781  
0.8400249578  
12.45396265  
3.243126869  
3.437331892  
0.6044801629  
-2.196488603  
0.723662613  
0.4712982392  
-4.630823213  
3.574565087  
0.2580606685  
5.547455971  
