7.704891188  
-5.63929256  
-62.70259145  
37.29994924  
-41.72547671  
36.08326266  
13.55931646  
-52.61115127  
-19.81056223  
-46.92609602  
-28.23273352  
4.608412335  
-23.18571952  
16.19810753  
26.82292632  
21.01396801  
-39.08209547  
-28.39076809  
-47.34090055  
18.61369445  
-61.7940351  
86.0573504  
63.04598114  
-44.35484325  
25.24555206  
-24.82344674  
32.22032512  
73.16679364  
13.07795558  
-52.32896794  
-28.65944181  
2.051351284  
-37.98594613  
27.28732797  
-54.13689036  
-17.38819037  
-24.38700422  
35.52857044  
1.095438027  
-22.69857521  
-30.70023096  
34.17507688  
-11.72082501  
-21.5286661  
-26.04871124  
39.94848407  
35.08075258  
19.26087329  
11.88541796  
61.01967213  
-40.72258568  
54.98308246  
-21.44397814  
-17.34604117  
-106.325041  
65.67374901  
-30.17059492  
-14.76288945  
-5.078723691  
17.21175279  
-0.3690748506  
42.28232797  
-17.72556347  
42.24226288  
92.01970873  
-4.022926186  
-50.65161148  
-8.293879519  
186.229243  
0.1251265274  
