-12.3916507  
-24.40116827  
5.126878324  
6.462855083  
-23.35808184  
-25.06104497  
-3.622461364  
-1.855500198  
-2.01858305  
-1.316705853  
-16.40233142  
14.41920643  
-7.72028039  
7.808616197  
4.452266669  
6.412597637  
-10.34379565  
6.643105869  
-11.0410927  
6.303048191  
-7.338121977  
-12.83955807  
5.54709589  
8.044003203  
-14.10488047  
28.45365943  
6.435511904  
-7.321322793  
0.9824019718  
-8.925749546  
-3.849843508  
2.107280017  
15.78210026  
6.209182408  
-1.303038719  
4.717503687  
1.512351604  
-0.6588922364  
-13.00608246  
8.53598217  
-2.434278493  
0.2969869006  
16.47213288  
1.885675351  
10.74153536  
-4.664898485  
-2.139256611  
6.476274321  
-14.34779851  
-1.199988456  
10.72237319  
9.557838292  
-4.485515225  
-3.798680291  
-5.231368867  
16.04742188  
21.54334968  
-13.95120696  
-14.96705854  
12.73072952  
13.43972228  
-17.5129297  
-3.081467263  
3.265996108  
0.04369993053  
11.27151924  
-7.700399354  
-18.9040502  
-2.055628333  
-0.6383375585  
