61.70065287  
-33.09977882  
27.70073101  
-17.8061032  
0.3514386296  
61.12926989  
34.83824513  
111.5491826  
1.517478359  
31.98402879  
-113.3163879  
53.32762241  
-6.814392155  
20.83532174  
-17.10599343  
-26.78112296  
-65.67761266  
-45.33297455  
48.20557197  
17.58656165  
79.32947268  
132.3013832  
35.25473259  
177.0031465  
5.498577784  
188.9684447  
24.42610534  
52.52510035  
-102.1045875  
-2.555782898  
-18.52359403  
36.60953503  
119.5121245  
61.61674624  
55.55020711  
-49.06070786  
-9.514778489  
31.05486864  
31.71830953  
-11.40914426  
187.0487635  
84.84300358  
69.19616248  
52.32353728  
124.0353725  
-8.436448871  
26.87323244  
60.61178937  
17.5076529  
62.39540963  
39.78627545  
40.55475643  
47.44777176  
171.0437708  
-4.627930323  
152.6542867  
38.79231941  
87.68773214  
37.06465557  
91.11236197  
101.0342011  
69.86777688  
114.6685969  
35.49418337  
119.6619588  
98.98119734  
95.7722441  
-48.7167271  
48.05931463  
11.06797907  
