70.96318563  
16.69447772  
69.65127408  
-55.42531757  
22.80738886  
13.86851043  
-30.51492808  
-26.53978449  
70.84252408  
-18.98927892  
59.08779052  
14.67234152  
25.08342426  
68.35625818  
49.98173188  
-35.65223428  
0.5844198802  
14.18143502  
16.68887064  
-62.13694667  
-65.32794854  
-16.59522517  
56.23593981  
27.80344129  
-51.04597055  
-12.17817843  
33.98718387  
-50.01352487  
35.00959132  
-14.11316387  
-30.18810872  
56.63337523  
18.43349486  
-24.33485885  
-113.9340529  
-24.93452868  
-30.7449092  
-2.58852818  
20.72621177  
-0.03974523752  
-1.201896377  
-6.052834846  
-0.373538818  
-10.36565238  
10.91821513  
-0.4211278052  
-67.90069596  
2.800881798  
-65.57620369  
-12.21268904  
-5.331922236  
-21.44020307  
-1.33923096  
17.05495028  
9.496929075  
54.69025995  
-5.31134637  
6.412525327  
24.54636652  
-2.543869676  
-20.21065791  
-20.73088677  
11.97165439  
-42.69327862  
-9.507040169  
46.43666836  
38.61185934  
8.145413839  
64.03902474  
14.61213151  
21.35659531  
-29.94693743  
37.24288596  
76.53716681  
21.83008512  
-13.51278273  
65.57833999  
59.57690823  
15.36482048  
