18.02581219  
6.658915658  
-15.71937437  
-0.09978798584  
-50.27941192  
31.61277161  
30.90501597  
39.39274757  
71.28578549  
-23.798536  
-33.11674147  
6.547524446  
-1.587549086  
-33.81459286  
6.876152531  
41.49829086  
11.45975472  
36.87400201  
13.56745369  
-47.65059311  
-25.89342003  
10.40499959  
35.8413871  
21.67131825  
-35.4739945  
16.93322585  
10.43054792  
0.8692478692  
36.78783795  
-21.47075733  
-20.06099281  
-20.48757387  
-20.43758022  
-34.76815219  
-2.926574221  
4.685440102  
-19.73382296  
-28.91650393  
-14.10249564  
8.422141793  
22.15905584  
-10.68663448  
28.53268621  
-0.8772597578  
15.60143373  
33.46168694  
-12.10460459  
34.35672519  
13.53941547  
-20.69938398  
2.448393115  
-4.553869561  
1.20164307  
-6.44598167  
-36.90557466  
-27.86544237  
32.30423959  
1.804782042  
18.40239867  
-84.16969373  
-8.09447451  
6.668384513  
42.12780712  
27.86596941  
61.46665199  
32.95539204  
4.945692009  
-5.58115919  
87.60329084  
-6.526254581  
