2.551886323  
0.1786075401  
-1.039737444  
-1.628438553  
-5.309510081  
-13.30191209  
7.430290906  
-5.682511357  
6.441571758  
7.66931073  
-17.31169599  
-5.061251096  
-4.864418219  
7.411294686  
-3.544794195  
-7.042444328  
-23.99282051  
-7.251636619  
-2.056481848  
7.397064737  
2.019165298  
-2.080340348  
10.72691833  
-6.144953146  
-5.657227222  
7.687157494  
-11.01101588  
9.467517686  
-2.13240546  
0.9747572029  
-2.386597539  
0.04730979532  
0.03928430878  
-5.097386432  
-0.05570435219  
-1.487881497  
-1.311145601  
2.010820826  
-4.341609077  
-0.3720388176  
-0.3923334369  
-0.06173289925  
-8.879936005  
-4.012364227  
2.42962472  
11.96475658  
2.258407299  
5.168066003  
6.464382263  
1.441053676  
-0.4518693729  
6.284590352  
-2.368423293  
10.72479492  
1.177820185  
5.694236012  
-11.7402  
1.969172648  
-8.874547294  
-17.99216246  
3.726532853  
-28.39353515  
-2.001061818  
2.102209079  
0.9120057363  
-1.377699178  
-12.20571453  
-0.5208753431  
17.26343039  
3.07553722  
