-2.808916092  
-0.798886919  
-0.6313221455  
-3.465893936  
3.012503815  
3.122017097  
-2.856844521  
-2.700456619  
3.672115326  
0  
0.7909648895  
-1.924602127  
0.7500255585  
0.7464046478  
-0.6851387024  
2.738890457  
-1.796210289  
-0.03158508837  
-0.01492600143  
4.848834229  
-0.4230240345  
-1.200069809  
-0.170555532  
-0.5266429424  
8.515434265  
-2.083965111  
0.1173396349  
1.272503853  
4.594779968  
2.393909073  
2.556792068  
-1.036647797  
-2.403681564  
0.1228633523  
1.252500916  
5.452282333  
-0.3276568413  
3.410664368  
-1.805234528  
-3.085202217  
-0.4331399441  
2.799663353  
-0.01922059208  
-3.783133698  
-1.69932251  
2.043610764  
-0.8860038757  
-0.2354096651  
-1.472763252  
0.4518678665  
2.540873909  
1.279458523  
-2.351749992  
-0.05936399698  
0.1452244401  
-1.400602818  
-2.574138069  
3.495562744  
-0.7910014153  
3.965824127  
0.1103361249  
-1.678251266  
1.272821236  
-3.73753891  
6.757763672  
3.622850037  
-2.399818611  
0.8968004227  
-0.6032057762  
1.875235367  
15.5451767  
1.137286949  
2.739991188  
-0.4572425842  
0.2891302347  
5.029473495  
-3.913115311  
0.2210835695  
-4.216184235  
