21.85058322  
-9.222958912  
-42.71756647  
0.577360045  
42.51022863  
12.4490784  
53.60904307  
63.43606632  
-30.46780444  
0.9821305353  
-6.434673382  
-5.143577474  
17.52149479  
65.33694417  
-57.44482376  
14.43625038  
26.3544985  
-21.25833576  
-25.08766151  
44.36464861  
-1.960300719  
39.27600289  
12.07160566  
-7.042852275  
21.79874225  
-44.67645298  
-54.38315484  
-38.48616064  
-44.76468921  
-27.22816328  
45.49406551  
-8.513572112  
-9.889739005  
-11.29587657  
-29.32197456  
-5.87082766  
-14.07990337  
13.90242397  
-40.15845149  
9.074673588  
-31.53800808  
16.38618756  
-5.209600337  
-32.21037501  
0.2350606335  
9.690189522  
41.81717561  
22.10745698  
4.452014392  
-18.14313284  
-29.96781602  
-8.819323789  
-5.785560954  
24.59268537  
-3.263681679  
-11.09736963  
21.95346027  
-6.348442233  
-22.15240697  
65.2183352  
3.027495676  
21.11675531  
-14.41509385  
9.964885375  
-4.004796438  
14.6922346  
-66.92821627  
47.73913103  
0.1890324743  
-12.33380139  
