-1.519283065  
1.805357318  
2.173815254  
0.04610393643  
-0.9992600451  
4.040145668  
-2.753177777  
-1.827410595  
-1.690992151  
-0.4623824269  
10.33412311  
-0.3116081436  
1.002975638  
-4.322983285  
-7.757959287  
-3.745773136  
-6.061949448  
0.02249001985  
2.258443806  
1.475619968  
-2.486816549  
-6.091438836  
-1.755465658  
-1.700735444  
-1.204492322  
5.808023034  
15.91904964  
1.10230648  
0.03223487089  
0.6775446922  
11.22079436  
1.922322622  
1.344936529  
2.759410032  
-1.790620894  
2.456110747  
0.7068151452  
0.1768983784  
-3.186222333  
4.662822709  
1.323959497  
-0.5114504079  
1.944063619  
0.1058047907  
-0.8004560192  
-0.8588515585  
1.043591902  
0.4009488627  
-2.00687466  
2.185330236  
1.015833938  
-6.502747051  
2.546834925  
-2.206857402  
-0.8729088898  
3.809032731  
4.913476439  
-2.576108799  
-1.919132589  
0.6881164243  
-6.029940486  
6.491761366  
-0.2065223041  
-0.2401468242  
1.961740636  
0.0593483833  
3.206575402  
-0.4451974173  
3.406392352  
4.388605245  
