-128.9400818  
-30.27235698  
-78.82371358  
21.28181068  
18.24605179  
-101.7789532  
13.48746968  
-83.42719909  
49.07855052  
19.8895003  
8.151559448  
101.2124525  
47.05736296  
-325.1197577  
46.30529363  
-112.4786757  
-175.2431108  
-96.74170451  
102.4612075  
-62.98291169  
-66.7729774  
31.26685081  
-25.3407303  
169.5527702  
99.07865044  
-2.369903556  
64.23334962  
-35.60162118  
71.37751902  
120.0152762  
179.8582436  
0.7123305068  
-95.3820733  
0.8836585546  
132.5508957  
106.7653332  
-246.5630685  
58.99854048  
106.5220302  
-108.0380877  
-95.75852892  
46.97343258  
130.7623506  
-105.9094407  
14.79026867  
42.48996561  
-62.02959768  
-52.30280976  
-8.534166349  
0.4092722282  
-85.24702434  
-51.51441737  
72.88980844  
48.29063612  
-489.4054575  
-42.10215643  
56.59277  
-27.35846564  
-106.9068249  
161.0115124  
117.9030438  
20.6646202  
-35.33263463  
-246.9087966  
303.1416945  
-250.2622244  
70.76807516  
87.43621264  
84.88003435  
-39.83313164  
8.252094261  
35.55690518  
-14.16784373  
-30.53241528  
61.67823144  
9.04744293  
83.47724895  
277.8128486  
-168.7964859  
