10.32916729  
5.144209449  
5.748593082  
3.546093726  
-3.957656468  
-8.117223303  
1.041116412  
-1.032513966  
-5.125329444  
3.678553779  
-4.42796844  
-2.528907907  
-0.7155708329  
6.888074752  
7.773718237  
-11.55777299  
1.20787948  
-0.9001456354  
4.334014931  
-8.402843679  
9.617820426  
-0.6764987664  
5.828033112  
3.68411885  
4.644063418  
14.79707259  
15.47236148  
21.31772295  
3.586300959  
6.536754851  
21.50616989  
-9.77449138  
3.300797586  
-5.420725544  
-0.3974198772  
1.640737642  
0.9046425732  
-6.02519925  
9.921035897  
-0.3512638426  
6.510728162  
0.9474385959  
0.2196213225  
6.081226744  
-3.974088626  
-4.871117665  
-3.170594963  
-3.995047288  
-4.264435875  
8.927687522  
-2.205969089  
0.2981719026  
0.03314060818  
-2.711641728  
0.7949002504  
13.5621094  
3.175411277  
-6.276852508  
-16.71702875  
5.731650005  
-3.088788787  
23.09410827  
8.112907456  
-2.933511023  
-0.2004317373  
9.548104092  
-0.4298184052  
4.885356624  
-7.681050785  
7.709254584  
