-30.44497718  
-27.97047922  
47.10129994  
13.50270189  
8.56885968  
-24.36139909  
-0.443007281  
23.12857055  
27.50260198  
43.47335449  
-13.95296319  
13.17962492  
-6.613568753  
12.32800669  
18.61853368  
-28.49111657  
-15.25586759  
7.262060271  
13.48452551  
-104.7869291  
-6.856059021  
17.19107297  
25.17583156  
-4.688184696  
11.02483091  
8.222282635  
-40.88417687  
-8.453569172  
9.252557048  
14.07426071  
9.257055691  
-31.12507582  
2.28335039  
-0.1473727977  
5.810970335  
21.99362301  
-4.030406544  
-13.21675373  
-3.648256609  
6.383604327  
-2.355616067  
0.2878790895  
3.626288642  
-4.014319991  
-6.931574413  
43.10055816  
10.02772573  
-0.6982979338  
-9.543695269  
7.269066739  
-1.824003609  
57.23069163  
-5.455650175  
11.72015877  
-0.6095344794  
-35.65399958  
9.256035434  
25.10555787  
31.76189538  
-5.238015555  
-5.964885158  
9.622632945  
7.523783025  
-8.720908969  
5.639127812  
-6.961670787  
-54.68126686  
5.640378471  
-15.5582273  
-19.97967467  
