19.00143195  
-1.653572894  
-86.78832888  
-0.3561841007  
-29.76704942  
59.73630145  
-55.76081538  
68.75215589  
-108.6472875  
-0.5450903767  
-56.48859165  
19.96187541  
-45.1005347  
-40.628922  
-54.31109137  
82.73640087  
-85.53764075  
64.60992707  
-35.42892684  
88.07110417  
-56.92522118  
68.97051126  
-20.09848337  
146.9805644  
-6.026777682  
49.44969341  
-32.55915715  
105.2655037  
-21.98761318  
-33.29685528  
-19.57544132  
8.636276122  
46.44319798  
-30.94309442  
3.375942955  
-80.30681809  
-35.20797879  
11.69779628  
-67.14506456  
-24.78328042  
77.74744237  
-50.76161176  
-40.09658396  
14.36003409  
62.47523774  
43.13774712  
-76.48424642  
-81.3403843  
-28.54622341  
30.8256581  
44.72960997  
-6.238552028  
97.78365276  
58.64883837  
-10.97171082  
68.1680689  
-184.8736803  
-52.45603263  
42.66091963  
7.832483679  
16.27479646  
-37.43550444  
30.80101563  
-23.66297802  
162.885088  
50.66787095  
21.24714869  
-35.95798765  
75.38269584  
-74.40746084  
