22.02221132  
6.318344369  
-68.04322572  
17.55350815  
-71.0016442  
3.585414029  
30.29547529  
-23.89555395  
26.45900185  
20.65354945  
-51.76200836  
8.311413395  
2.034940138  
-50.66865996  
-21.16351492  
-25.56998506  
60.52462279  
-46.54579719  
-46.06986793  
12.21459515  
-48.5340834  
48.51819951  
53.32340563  
1.371225902  
46.79256417  
22.55301461  
40.79659072  
44.46198438  
22.50257208  
-30.63968618  
-2.598617106  
-31.39160774  
-30.52159206  
-18.34075921  
-39.25187796  
50.66767443  
-42.98339173  
19.26505483  
-21.99973076  
-8.140929305  
22.95580989  
4.927088857  
-9.950801898  
15.98024755  
27.09197948  
-14.72789004  
23.9371269  
32.45801636  
24.12001104  
27.92828785  
-17.11752537  
-23.31489973  
29.23455974  
2.477276376  
-28.56283039  
66.9593052  
-63.08801662  
-8.052633062  
-40.03268221  
-26.99385631  
-85.29812627  
68.31200548  
-28.04074734  
70.66205105  
86.60145168  
-22.58496267  
-36.68535028  
9.554829257  
77.11871334  
-32.13409081  
