5.324900266  
8.609197088  
25.94405279  
16.05126777  
32.25501457  
26.78483377  
-5.210472587  
-18.05194414  
0.3223254687  
-26.66117118  
9.530653506  
-28.427941  
5.029685214  
37.41445102  
-8.91933955  
-3.259585383  
-16.96235492  
4.723328282  
0.6305970122  
-21.46314637  
17.11719651  
-9.107447482  
9.782397611  
-0.7824993462  
-30.26918304  
36.48825402  
-56.90246843  
-14.79029064  
-3.709743792  
18.83425871  
-10.59771995  
1.799631439  
-26.0682535  
-1.899760908  
-6.328638895  
23.94124889  
3.44519673  
1.08940508  
21.56047592  
-2.008411329  
2.981306937  
2.04372779  
8.266863523  
6.062872294  
0.8224397837  
-46.18937945  
1.417366573  
-0.2395704072  
6.727283204  
-5.594752728  
-6.73484533  
2.342292182  
-15.62300315  
-21.327882  
-5.75474415  
40.5435884  
-30.38120235  
-0.120856709  
4.527120331  
77.91605394  
-21.19715057  
121.2148625  
-9.46934572  
7.104818665  
8.679655091  
-6.044131857  
2.076604969  
-26.89665138  
42.48105956  
-12.41919759  
