57.85459387  
10.0771065  
32.81366862  
-68.02608848  
9.431670626  
68.98765321  
-22.16384824  
-45.83808021  
78.35899806  
-112.2741156  
52.44050153  
17.63120868  
7.993842314  
99.99318377  
-41.12045221  
15.00738004  
-19.04871388  
-3.924213114  
42.79840263  
130.8773591  
-77.99829364  
-46.15652982  
38.65627943  
46.02958936  
-33.57117181  
-25.22854484  
30.91992388  
14.36428092  
58.47833228  
-15.96413324  
7.421395471  
-25.29539508  
65.0986623  
-46.17527894  
-45.08072552  
-38.72800831  
-77.80054842  
-35.9378463  
7.652400707  
11.57386885  
-31.94297854  
8.345566511  
-37.88144995  
4.544787272  
-30.41729163  
15.60878628  
-61.86268397  
-0.7520711472  
-43.49030563  
-64.18042165  
26.03659902  
4.394434253  
-27.03480272  
10.0907288  
-4.913102279  
46.27231449  
20.29988739  
7.231503899  
-11.58940708  
-23.97994927  
-44.07219783  
-7.413200056  
26.50424251  
-6.762576913  
25.26017957  
10.68576891  
-12.31716641  
-1.389283915  
142.4585705  
10.63443138  
6.143102226  
-38.53265387  
43.52211414  
-21.94450934  
-1.022024363  
-79.36157636  
80.12809711  
7.621656006  
-52.16750631  
