-1.551318282  
5.998134944  
-21.60468509  
-7.653104476  
-9.021971051  
1.485200061  
14.19090049  
-6.663132955  
-4.19194748  
4.005864693  
6.627621026  
3.915435757  
-5.436585359  
10.86825505  
5.162068918  
10.12332884  
-10.63197518  
-1.792919923  
1.166857741  
7.611170643  
3.836289151  
1.496928817  
15.70330686  
7.276748623  
0.1902063039  
10.15665482  
0.3533360187  
6.166462203  
-6.89578542  
-0.6106479619  
-5.107226882  
0.3573781841  
-3.527599121  
-5.372117732  
-5.930437655  
9.355089553  
-2.361613421  
1.923397071  
3.842391794  
-2.058256271  
1.315374366  
1.986245126  
-0.1428317201  
6.460960657  
-1.376549373  
-7.020027032  
-1.10519539  
-5.297141468  
8.237764168  
-5.596324991  
1.169613433  
12.12511072  
-4.941241284  
9.274209333  
0.4042693669  
-23.18324184  
0.8587221321  
-10.15990643  
-6.149451568  
38.36058604  
-7.781861331  
3.497753808  
-5.14642574  
-2.786656393  
0.2244973928  
-3.145507489  
8.13702046  
2.303802082  
1.556430716  
-0.1169395268  
