-38.32124904  
8.98945193  
15.52978451  
-10.63026013  
34.07939112  
0.629979123  
9.379726197  
-20.2748944  
-15.52993775  
-2.268490391  
-16.56110736  
16.55932036  
0.02224135612  
-17.19075137  
-1.774808007  
-12.42756397  
14.15808288  
2.201892787  
3.015298622  
-12.40029377  
-10.48139001  
-3.356917655  
-26.70676936  
3.445775358  
-5.682303812  
20.29608026  
10.12267551  
0.0604928221  
2.17173633  
-3.363767573  
5.294689421  
-11.0431885  
-0.669597242  
-7.484587708  
2.203256392  
2.913261944  
-19.07455679  
2.381772004  
4.537203201  
-1.44269566  
-3.323711072  
0.1302058846  
1.595043553  
7.219366148  
1.820030444  
8.712854623  
-0.2818876111  
6.795037568  
11.65407349  
-4.988917936  
-0.4564159018  
-16.09108962  
-5.289623303  
2.291407205  
-3.138067168  
-2.221316108  
-15.17849641  
9.743176545  
-2.118309328  
-13.19929827  
-3.361963719  
17.33336418  
-5.720407089  
3.664523591  
5.214613758  
-6.548337069  
15.70952772  
-9.253812743  
-10.15628114  
2.628380742  
