52.42671991  
13.13318276  
-75.1774193  
-64.82723429  
-62.68436923  
-78.85522964  
-20.04629146  
77.0700911  
-52.08498738  
63.95277685  
8.708545649  
-59.95901083  
34.5448869  
-84.29947268  
-60.98669161  
-58.85949815  
-25.56416032  
-36.0236811  
7.046286548  
-20.79870146  
-9.45791337  
11.57988801  
-65.27588004  
18.11764874  
-46.79493713  
-54.49872178  
42.32527419  
-68.73220855  
-11.75520533  
-8.611138166  
5.706660589  
-49.37178387  
-87.95570111  
2.198231724  
-32.43928593  
-26.78022445  
-82.4436753  
-82.3208051  
-6.477216902  
7.030326625  
15.25103554  
-6.597824605  
-0.1607994189  
-68.31611198  
-46.98146563  
-70.69940437  
24.05854573  
-18.58122732  
-39.13425529  
20.91995747  
-20.45815125  
-24.36275518  
-33.63454434  
44.22069173  
67.65652669  
-65.59696062  
-47.86944301  
-41.26793475  
-94.62277896  
-14.77150266  
-70.1847285  
9.288938576  
-28.83139092  
-110.5948256  
-48.71895483  
-46.01974936  
-126.2277746  
-0.5915343909  
-35.16292447  
-75.21807983  
-19.44483352  
-26.39164609  
17.58719447  
-1.171951865  
-85.14302733  
79.06257339  
6.644780195  
-6.074492951  
-9.37064347  
