-1.158095898  
-1.160512302  
2.428267217  
7.219622135  
-6.957048981  
11.63388552  
3.183476587  
4.468923934  
4.950350948  
9.803830943  
0.1238740606  
1.075607523  
0.7893581668  
8.54980825  
2.708459359  
-5.074510963  
12.24231028  
-3.092097695  
1.055275164  
-2.773730983  
2.253031411  
-6.486616135  
-0.9716340073  
5.967462847  
-10.77732891  
7.815432395  
-2.737910594  
1.826504919  
-2.860638587  
-2.498440261  
5.293829107  
-1.574048831  
1.072772892  
1.202604818  
-0.4592685204  
-9.182789126  
-4.310012752  
3.646633089  
-0.1873957416  
-0.2240301875  
1.959357101  
-0.997893045  
-1.231282448  
0.759215702  
4.347493926  
0.1445648346  
1.705444896  
2.236315368  
2.289433625  
2.160336522  
-2.140980518  
-8.683153539  
1.656307578  
-2.254197483  
0.9444816212  
-1.300654561  
-1.491707627  
-6.083993302  
2.844910302  
7.374999485  
0.2988622761  
6.646316058  
-5.106453777  
2.512361244  
-0.5371286983  
-1.342751132  
-2.732803884  
4.856523845  
-6.857761151  
-4.059991893  
