6.734844208  
-49.08817186  
8.912112355  
49.65615121  
24.23445738  
-22.55593681  
-13.08632746  
-49.78621354  
-9.753034806  
73.14837046  
-18.4591413  
-47.66017841  
91.75468903  
35.15530804  
96.51347322  
-69.28101966  
8.846786594  
96.80263871  
-20.4927873  
17.3802653  
-27.09363493  
-14.86585717  
-42.26939874  
-53.46971683  
7.354614794  
-34.83887365  
19.73554316  
24.41836358  
-37.24182235  
2.961674333  
83.17474139  
-5.311249524  
-11.50379105  
-61.22719209  
2.176143599  
20.43712239  
44.94059491  
49.50522945  
9.080166762  
41.41090488  
-5.029228258  
-2.599842834  
-2.648168421  
58.9289767  
0.06933747516  
-87.7197234  
-25.2040476  
28.35068038  
49.0883844  
-7.479837751  
-19.35114335  
-34.25947735  
55.78505018  
-54.29363053  
-36.54875777  
96.91318557  
204.7699986  
-31.79777966  
23.35947216  
86.4813036  
51.99475121  
174.7282654  
43.76259573  
-113.2384818  
13.55591666  
-37.37720812  
-24.55371964  
-48.27161252  
86.68852358  
11.14149072  
