-18.69541561  
6.572423696  
-8.602866689  
-21.6897352  
1.988790916  
-2.240988859  
1.812567576  
-0.735620582  
-1.07662972  
6.969744406  
-7.837726745  
-3.232971822  
-3.334656092  
7.4305747  
0.4017436352  
-0.1602294975  
9.175665449  
0.417289997  
-0.3082911847  
-11.33960557  
2.627216962  
4.722343624  
-5.80981772  
3.361484025  
-4.064099051  
-2.06123765  
-4.378984347  
5.081233312  
-0.814282968  
-0.9208053346  
11.2538322  
9.444119965  
-0.1603980688  
-1.973604057  
2.518989222  
-2.465977946  
-10.16942865  
-3.788587111  
11.19169997  
2.712557642  
-2.68838307  
0.9859863184  
1.579327132  
-0.06382445913  
6.26386168  
-7.284713197  
0.7411349782  
3.243030201  
-2.656633503  
-8.766995206  
2.836377873  
8.752812488  
1.662257139  
2.765371292  
-0.4461031116  
-18.83657814  
-38.75644864  
2.438416834  
3.241048359  
12.80013019  
9.509432969  
24.99506142  
1.040636823  
-1.839810517  
1.853436403  
8.507231509  
-0.3397692013  
4.748759279  
8.374601333  
4.013790278  
