3.603189998  
-41.86829252  
-55.72454171  
-2.819634594  
18.13085059  
-32.09830532  
-32.02835531  
76.99005944  
-0.4314467173  
57.57919203  
-29.13800662  
66.69261435  
23.18919072  
2.498061407  
11.76148435  
-31.99873561  
-17.90735258  
-31.16390833  
76.24977402  
-9.319001012  
25.82141728  
56.23229608  
5.060796386  
-11.41856784  
21.92022721  
-25.31333364  
56.24918613  
77.55726692  
31.29776071  
-44.55224846  
12.93805412  
0.1875504993  
11.15808283  
-21.18290599  
-40.43676795  
-14.90848129  
5.829593311  
2.789591494  
8.616057964  
26.15808654  
-31.1491401  
-9.49357576  
4.222583057  
1.70419297  
-38.49942583  
21.37343908  
-14.49200505  
24.10665431  
-6.551885304  
22.33048093  
-31.5860876  
41.42779125  
-33.30930696  
1.233708907  
-50.51933337  
7.703199196  
-38.4776629  
4.191056924  
24.03843497  
-6.844331616  
-38.41435656  
19.58132858  
-14.50534793  
8.516762552  
-23.75795176  
-1.813193321  
54.81361367  
-30.03760706  
-38.21206885  
-38.22044359  
