10.92185135  
-6.641934967  
14.45904388  
-1.078935146  
5.295272064  
-0.1625225544  
-11.14688568  
15.42749939  
9.486199188  
0  
-1.46045475  
11.70174942  
-5.270874786  
3.185091591  
-8.823704529  
-7.491188812  
-9.605917358  
-7.385483551  
-10.0552887  
6.031078339  
-16.50258026  
-10.58600159  
-1.794018555  
-12.9471405  
3.085881805  
-3.515852356  
-11.22370377  
-20.13180389  
-6.493958282  
-19.46106415  
6.452668762  
-4.947177124  
14.8484848  
-3.595393372  
-16.1855835  
8.562225342  
0.4235621929  
0.9958760262  
-6.898873901  
15.52862549  
1.725723076  
-8.734363556  
-0.9875041008  
2.791706276  
-0.1500032783  
1.601260757  
1.199549389  
28.04850769  
0.6468208313  
-2.178957367  
9.846289825  
-6.204529572  
19.86569214  
-10.51845093  
-11.53891373  
-8.311171722  
1.821351242  
1.600594711  
-11.75005951  
8.22095108  
3.150213242  
3.420361328  
-20.48091583  
4.580786896  
21.67420197  
-9.863973999  
-5.747605133  
1.01804409  
18.16039276  
-12.91276093  
12.37939148  
-16.76763  
10.1635994  
-0.4699428558  
-5.835863113  
-5.637872696  
-10.05503769  
-33.81560364  
-4.49132576  
