-0.7343842079  
2.625289091  
4.530921166  
-4.172563746  
13.09227561  
13.66324466  
3.864070924  
-1.472513663  
4.145967311  
25.0921194  
21.48736682  
4.300303151  
-0.9207330171  
2.808244612  
4.795566599  
3.838723554  
-3.026196789  
-3.829583298  
-2.336840901  
7.328617813  
-6.173870782  
7.546789045  
9.283974431  
3.961592153  
2.866487549  
27.93130286  
19.49234302  
4.787608866  
2.656500926  
14.26304155  
13.18223409  
-4.85716035  
9.570465363  
2.185942022  
-4.486216484  
-10.65730541  
4.071549304  
-1.28891835  
6.042473885  
0.9244265551  
3.214653543  
-1.605867207  
2.591358861  
6.229249998  
-0.9082763812  
-17.71774195  
6.417167662  
-2.445579704  
-0.6110309958  
-0.888799121  
4.120780849  
9.101352688  
2.069921082  
-0.05947989662  
-0.2188192329  
1.111130106  
-8.263310143  
3.0082968  
-13.611219  
3.15059146  
-0.9425116284  
-0.7314295522  
-0.3706249584  
4.204846721  
2.461947333  
9.106217452  
13.50078444  
2.873883005  
2.200004019  
-3.176929381  
