-0.4180856796  
-0.4947129121  
-0.8589227422  
1.453235426  
0.8124072446  
0.7892248094  
-0.1527372385  
-2.334633933  
1.743138196  
1.093378883  
1.395535378  
-0.7091407548  
0.08961937716  
-1.171326473  
2.365547492  
-0.8407917355  
0.705367154  
-0.6445129652  
-0.1824415839  
6.149291682  
2.386277408  
-0.4193867049  
-2.428595238  
0.02364103267  
0.5328968953  
5.080086094  
-5.598537473  
0.8752820152  
2.499635268  
-1.027301834  
0.7249967989  
2.063957188  
-0.2775975742  
0.1165538467  
1.253076835  
0.4781762844  
2.125257963  
1.350983168  
1.823652075  
1.084635207  
-1.036413844  
0.3025265946  
-0.5495138162  
0.8725099368  
2.500720222  
0.5860682579  
1.203868643  
-0.9170871026  
2.559000303  
-0.5090694486  
-1.5219161  
1.394537907  
-0.5503014685  
1.0699638  
0.537623317  
-0.1329980379  
-8.843608383  
-3.077721107  
0.9973023128  
0.6628437632  
1.166758385  
0.735616832  
-1.070261691  
1.050091133  
-0.6002198029  
0.05806826749  
-2.154601175  
0.2176529027  
-2.771287936  
-1.62983391  
