18.73525711  
34.28615778  
-3.167292999  
28.44701487  
-121.2599182  
1.435297182  
40.7324223  
-65.66522242  
20.62314197  
18.50094209  
3.236007635  
-34.64863183  
11.47029018  
14.38577074  
75.71132189  
-67.52035263  
-70.02010665  
25.52403322  
151.0539277  
-183.3450311  
31.16523333  
5.047098563  
-52.41434666  
-120.9199448  
29.17788142  
-51.75005441  
108.8035925  
-126.434788  
3.317187208  
51.91789168  
138.9823248  
52.78435636  
140.3967434  
58.23209465  
-39.72956492  
4.831023907  
-26.22274901  
0.3949552866  
23.84827065  
-8.462119066  
7.077914449  
-2.923668021  
55.26428049  
-76.84154446  
-36.10077564  
-110.3501638  
57.60613369  
52.22887502  
-37.01652379  
85.70175406  
-24.06755385  
-3.884145113  
5.639747953  
-36.32660517  
-20.26781306  
-53.50055682  
48.52575476  
-207.0127266  
-33.22393359  
29.72147397  
-86.52942419  
137.952192  
-39.37282143  
13.45413272  
13.50027585  
46.29503423  
-93.11101295  
-67.70441811  
151.7361791  
64.41003186  
