125.0863358  
-78.72229277  
107.5625044  
-125.8439013  
89.09113917  
162.5635205  
-62.54895133  
41.2731822  
67.84276096  
81.27595126  
-11.09374349  
78.66189163  
-4.452474242  
-77.59770022  
223.1171143  
27.11462422  
20.59923957  
-15.91605242  
-115.9749792  
-19.17386644  
798.2382087  
85.98877857  
71.92329569  
313.261973  
19.18951391  
60.76312429  
35.80719262  
-6.402186811  
-58.19889454  
3.600883278  
-95.91576092  
-48.34419411  
164.5144515  
444.8407366  
136.2261992  
-115.6911575  
50.382999  
28.8756603  
-154.2927333  
0.1513013373  
150.9908334  
82.70788594  
52.84823534  
42.99813229  
61.10871388  
50.90787217  
-70.31056641  
-17.73851101  
-4.152321836  
124.4150534  
83.00902333  
3.575539719  
22.29806616  
-95.03836829  
52.33317878  
70.6618105  
82.8188616  
-96.66049621  
31.09945977  
-8.179600384  
173.1443677  
9.043021967  
-25.27353641  
-126.7170386  
-26.30876362  
71.60162131  
-48.41431847  
38.54686046  
122.6403244  
189.7835149  
55.47649122  
-102.995457  
31.28583657  
20.58903247  
172.2104968  
498.8901748  
-84.00516934  
236.7200078  
138.1507065  
