-5.933725893  
70.40632046  
42.36919389  
58.51374283  
43.52042696  
31.0145869  
111.4714884  
71.89533708  
-19.48590538  
-126.3319144  
15.44778311  
-10.19120762  
95.85379548  
-36.37142458  
117.252936  
42.88191327  
62.85760045  
57.77825934  
27.10797567  
-53.3848712  
9.25294292  
64.75725777  
36.67561886  
-55.884479  
151.1783928  
32.09868231  
24.65083175  
17.71920962  
70.83753738  
50.24784022  
26.09287233  
60.83033128  
-12.61782702  
43.72761166  
21.93184638  
20.49226331  
-24.88421559  
26.84518675  
5.21251322  
-0.06119003296  
-34.22017289  
40.32250538  
28.64020357  
36.79200346  
50.23529875  
80.67517862  
-57.52283435  
3.09044342  
15.49573575  
98.68974124  
-53.69930711  
-29.04696425  
-19.1097683  
-63.46282828  
-101.6196392  
95.19560131  
68.84353075  
-0.1966355264  
-19.04407148  
-74.35872874  
15.65052352  
172.8243477  
-8.866443631  
31.72856548  
-22.53325815  
48.1476749  
113.3382774  
59.89796162  
132.4161153  
-10.50962999  
