-54.82499106  
-62.42273459  
127.5157281  
14.20637723  
-70.97656883  
-41.93536773  
-126.0930104  
-127.0700633  
9.075411962  
-234.3525216  
96.28206612  
15.46936136  
-29.43692487  
171.4051317  
26.25822106  
33.12964256  
-49.754194  
49.30832748  
-23.12742153  
-7.688704085  
-73.07513778  
44.77967508  
64.96449434  
-130.9634605  
72.62181271  
-40.58834826  
136.3619716  
6.52179265  
156.5474289  
-43.51483189  
175.3233405  
145.354627  
-85.36197589  
68.33445322  
-89.06012801  
80.91794728  
-20.46307458  
-11.1918131  
-173.6717663  
36.1983013  
-115.2385967  
-52.93047234  
41.65807949  
-30.85366498  
13.4453269  
-55.49534675  
-255.648279  
-22.98476323  
-146.5082141  
147.2226577  
-34.07392501  
-119.6178879  
-7.941061929  
-29.37116152  
21.05874714  
-76.8485337  
-147.4267029  
49.88547877  
-13.35223249  
-2.480197822  
35.15918554  
51.8159466  
63.00194407  
26.86575233  
82.06657624  
-109.0047736  
200.6886358  
206.5434911  
105.3397282  
81.42138273  
-140.836161  
83.89688788  
-24.7268398  
15.34583099  
-89.26245501  
119.9692351  
129.948046  
-29.25069222  
-131.9545717  
