11.53454419  
28.90241517  
-42.71337456  
-38.30187414  
14.20011588  
-29.29595509  
-15.8110556  
-22.13170076  
6.832578991  
-0.9455324262  
-34.80480555  
31.48988087  
0.4224078868  
63.68312119  
1.201735037  
35.376116  
-18.90624813  
-15.26023696  
0.6191001119  
33.36316313  
-60.08728072  
-32.84408527  
-47.60027175  
3.97345354  
19.91390406  
-60.8890558  
13.27894864  
28.45909486  
27.11057065  
11.55449015  
-22.57399436  
-15.08554533  
39.29141795  
-33.47475651  
-45.96627746  
-13.22698709  
7.286650841  
-9.969926851  
-1.362194249  
70.16048428  
-7.392174304  
16.10726208  
31.9300839  
-25.29158795  
-7.798756453  
-9.566103524  
71.25343943  
7.410174674  
0.8929052276  
-3.455905024  
-7.491846964  
4.506997534  
-14.86596233  
15.95182971  
-26.96452891  
-20.7831552  
-57.8755494  
-45.86573178  
-12.54364783  
36.31260163  
-36.97106485  
78.41296494  
-3.140367985  
-3.022131971  
53.37917258  
-4.310626728  
48.52188327  
31.46248484  
8.781343358  
-24.63800732  
