-7.064007216  
23.57908714  
47.39289741  
18.80199043  
59.75836651  
6.057821711  
23.91910525  
60.01239565  
-19.31185055  
-24.66511371  
-17.52215531  
-33.14020019  
89.76188249  
17.17031712  
66.88624128  
20.48165364  
-94.88620806  
69.23884116  
9.938273085  
-14.27448438  
8.652899053  
84.67533218  
-15.09910372  
-11.43079338  
46.54933124  
24.8056189  
-44.59607569  
1.263508889  
28.69440756  
-7.982376695  
157.2534591  
-99.53433832  
8.744082623  
47.32832162  
-6.911321633  
26.27989854  
-6.73702685  
-0.1297064887  
26.72256483  
-8.22409457  
-7.267408053  
-2.238632301  
44.31706972  
178.9005455  
-60.18460072  
100.7715102  
-98.20338917  
40.50093354  
5.492663609  
88.57694472  
-30.44883098  
-2.654051781  
-15.27123236  
-29.01091231  
9.60405302  
43.48855991  
55.95868505  
49.32106123  
-53.93558138  
-23.3135741  
-109.7658776  
131.6760875  
-18.35841261  
152.12473  
151.9210793  
-24.53928937  
129.4685137  
-56.97840956  
-74.23254056  
5.480400549  
