-0.803398152  
13.70441455  
5.829105215  
5.989262951  
-4.958022287  
0.8343278185  
-2.493958369  
-2.787768819  
0.8350074472  
1.512770402  
15.94709404  
5.477521591  
-5.204303024  
4.243131721  
0.7156614406  
3.267766045  
-2.305885143  
1.382641292  
2.446704099  
-2.046686789  
1.021644695  
1.572572369  
-6.222522622  
3.782658307  
-1.333082136  
-3.456285528  
13.28493731  
3.829662286  
0.07901960462  
0.5379275261  
0.2933332932  
0.4146288882  
-0.3120204944  
-0.8131899035  
-1.285696577  
-2.331839741  
6.833493316  
-2.620432629  
-2.637809446  
-0.7302095853  
3.471184937  
0.9338458288  
4.335213542  
-1.338156096  
2.920809741  
-5.415949652  
-1.549031888  
-3.070898034  
-0.3475104156  
1.839429744  
2.741395086  
-7.29609267  
3.627970204  
-1.610419652  
0.992756656  
-2.831974269  
10.77615949  
1.275122959  
-7.25286761  
14.29077755  
-1.606745863  
-2.310242179  
0.06229804292  
0.9328169024  
3.358360012  
0.2944016007  
10.3379433  
4.504353134  
-12.761717  
-0.06238333195  
