-4.438721355  
-5.985809756  
-2.757865472  
-6.319120925  
-0.7139782804  
-9.987836724  
2.692430802  
1.673678855  
2.5472252  
-9.175194063  
-3.461834696  
0.7557777248  
2.439695605  
3.349267385  
-5.618158563  
8.787430254  
0.1852771748  
-2.218266644  
-0.4428348425  
-16.53378882  
2.282672918  
-1.187851071  
-0.8831927939  
-2.152922916  
-12.01158511  
-8.228466563  
0.1668439507  
-0.2369488119  
0.7337985438  
4.867825546  
4.011241487  
2.869466636  
0.4507588859  
-0.2527565414  
1.399300875  
0.5971055193  
-4.489431857  
1.699984034  
-3.171769382  
0.02509798876  
0.6895697706  
0.01029435207  
1.011649286  
1.090559795  
4.274113115  
0.313374751  
-0.7844757879  
0.4542486038  
-3.235694094  
4.687736049  
1.148768674  
1.258231617  
-0.0471651439  
-0.3244551068  
-1.829276273  
-14.14731788  
16.79492637  
-0.3731129847  
2.035740704  
3.126967461  
-3.844734097  
-15.29183635  
-3.338546915  
1.962187453  
-0.2173544749  
-8.39501731  
1.436034595  
3.641167309  
-4.796085084  
-9.61454049  
