7.915409701  
42.49567454  
-22.03053225  
-33.68611435  
13.43833892  
-28.92384073  
-2.453306215  
3.567399764  
-15.3853929  
-0.9761987329  
-39.20312867  
42.92840884  
8.253825385  
85.58075113  
-10.95762019  
15.62790662  
8.77986489  
-4.553321231  
-2.062834288  
31.33278656  
18.58099908  
-22.35378432  
-9.331629758  
-6.544383974  
7.285118897  
-30.15195148  
-10.64464689  
12.24888585  
9.955917257  
8.007359833  
-25.91771536  
-25.41571602  
23.5839657  
-1.1384232  
-41.67810694  
-2.96621831  
0.7481787418  
1.709651412  
9.377550187  
16.71168359  
-7.937594347  
16.00192764  
29.37051317  
-22.42304222  
-9.0057971  
1.09964199  
75.02093338  
-1.124106189  
-23.07468946  
-11.75341755  
12.78867201  
3.199774921  
-16.05818635  
17.62528556  
-1.538325284  
27.15236612  
-39.21708741  
3.961120657  
10.99642836  
71.62023452  
-29.8276068  
61.05629499  
4.614591364  
13.19984701  
10.80395965  
-32.66611468  
13.61121586  
14.01575223  
-2.915027248  
-46.87938157  
