1.455075443  
12.33046427  
3.103991804  
5.015265278  
-9.289782838  
-15.49226661  
5.32992101  
-9.204961056  
6.051600304  
8.275948258  
-1.465125487  
-1.392375404  
-9.811779654  
8.121267058  
-3.284180237  
-3.869668221  
-28.815086  
-6.11848684  
1.627602451  
1.590146965  
3.288968096  
-1.460631505  
6.310089053  
-0.5378094076  
-6.963294456  
5.665677993  
1.709772687  
12.3706192  
-2.052629013  
1.339520228  
-3.134299764  
1.914820635  
-0.02960314911  
-5.453835166  
-1.095936719  
-2.988937092  
6.662767314  
-0.9809727792  
-6.972424554  
-0.8314758257  
2.94286341  
1.095399096  
-2.844933656  
-5.615844507  
4.896297442  
7.250741948  
0.8992895312  
1.559798083  
5.248010246  
3.3834945  
6.132699107  
1.76682129  
1.140511133  
10.00845993  
1.620504858  
3.601767779  
-2.1378698  
2.650593278  
-17.13877753  
-0.7966420132  
2.348671514  
-28.16451304  
-1.776758212  
2.724844081  
4.016283997  
-1.111826868  
1.196992158  
4.126412248  
5.095589145  
3.200972797  
