4.380174683  
-0.47896128  
1.582642204  
11.02749263  
-7.109382818  
3.820931233  
1.05952415  
-0.007951516088  
0.6302841174  
-1.526738194  
7.056613469  
2.135759696  
-0.6144589421  
0.1895603031  
1.006714252  
-7.551956193  
6.337930187  
0.4812276268  
-1.353092795  
-0.2734696522  
4.916422778  
-1.630781566  
-2.667832215  
2.344379453  
-5.228345543  
-3.376007895  
-2.059992503  
1.480213487  
1.34324501  
1.181846126  
1.426653813  
1.217433994  
0.955309679  
1.073553195  
0.2536570889  
-2.025310759  
0.1553327332  
3.324578539  
-0.9037313318  
1.024587648  
-1.930205601  
0.1184793952  
1.146663864  
1.233281377  
2.382366061  
1.456447517  
0.8657532285  
-0.5256803294  
1.176101867  
1.472676293  
-0.247992159  
-1.801741987  
-1.121119601  
3.665305794  
-0.1001305526  
3.191721229  
-2.139262891  
-3.073117629  
1.115613812  
6.84058531  
2.270471164  
8.731173269  
1.403058909  
-0.2483069834  
-0.6372137713  
0.4102765341  
-2.762644731  
2.315273631  
0.05958427965  
4.506954514  
