12.37647676  
-25.68209196  
66.08576757  
-49.84678836  
71.20815979  
31.00401251  
110.5660287  
-230.7378635  
28.32721367  
47.40043472  
75.07004561  
-4.430936057  
16.39193411  
110.6801518  
-0.05058168221  
-95.08768409  
-60.23325329  
-1.082047593  
-62.91930992  
-33.37911382  
53.16433101  
-45.65318394  
112.6210009  
258.1057228  
107.9123468  
65.26359355  
-71.61416043  
50.61205862  
18.4047147  
20.20092846  
-69.16541148  
35.11029813  
-49.5389939  
154.9954132  
-132.3718148  
-10.38690822  
99.69610235  
-88.4960987  
100.351384  
-15.26303991  
114.9778143  
54.34673239  
73.33563291  
-56.56773515  
37.751398  
114.810845  
100.8663017  
-239.8394904  
42.14478641  
98.01378552  
-92.41573146  
26.04213867  
144.3822775  
226.4667257  
43.10071359  
22.66247027  
27.68289589  
103.4482267  
104.9485396  
58.51306797  
3.743146316  
21.45463302  
30.54153801  
-9.157248758  
74.21732846  
9.111053793  
124.4583496  
14.27921961  
67.04942169  
35.8526666  
-3.19430199  
112.9402859  
136.9459853  
-97.50242329  
136.4933432  
83.5303119  
221.1084616  
106.8587251  
32.06470133  
