66.36505324  
40.02426861  
67.07061957  
68.97035991  
-17.01510505  
42.07681113  
163.4963456  
126.330703  
85.28931558  
182.3132673  
161.395841  
179.5065818  
47.59654964  
51.80400339  
27.94764475  
110.2500313  
112.1138441  
62.53173851  
180.2607765  
77.07470506  
87.57336575  
84.03099677  
140.2895341  
63.23700512  
93.42043748  
59.13495967  
116.1724891  
118.2013629  
77.2637159  
63.13064079  
135.254652  
127.9768504  
119.6739307  
232.2373998  
156.1668774  
129.7021318  
102.2025557  
-43.36052853  
73.06027291  
55.73510096  
79.52220054  
153.9532054  
103.8546064  
31.40509525  
30.8815895  
23.86601162  
74.50706581  
81.32785341  
107.0225405  
88.08833096  
111.0480669  
74.9594718  
110.0031856  
158.5716999  
316.0203416  
69.90267761  
46.19197161  
37.44871755  
47.46414408  
81.05428142  
64.04299496  
133.7815155  
89.47193567  
59.30366275  
141.1310467  
70.82724749  
25.1863208  
64.77937955  
128.2863414  
101.3586356  
140.1690893  
47.55079851  
158.8097907  
109.829351  
139.0094662  
108.0423674  
-25.62399756  
5.776990522  
134.8501971  
