20.00552406  
-1.205679096  
10.93455191  
-3.827877417  
-11.82833448  
-11.49177583  
-6.521554253  
-9.34259096  
6.143445228  
-24.17455561  
11.36409193  
-0.5237920491  
-0.1847206394  
9.291198562  
0.3895308789  
-8.558157147  
-16.32455503  
2.725510319  
-0.1779586655  
-12.05950382  
-4.380891924  
8.874969147  
2.543176922  
-5.733613065  
-17.01204468  
-10.9171406  
-7.778771118  
1.660160737  
-2.448733403  
5.13471907  
1.562261488  
2.135370118  
-5.303165548  
-9.648688371  
0.9422594497  
3.849346841  
1.49267221  
0.8295501988  
0.9115003262  
-4.353385168  
0.1868032917  
6.759814572  
-3.11460478  
-1.259816003  
5.474075373  
-15.85854292  
-0.1879282438  
1.653098738  
14.04708974  
7.29081506  
0.5219239678  
-7.049583799  
-0.9944967597  
8.611544423  
-0.8130903519  
22.25944644  
19.05184823  
16.91186038  
-7.958975033  
-9.372285585  
9.9392438  
-31.66366473  
-0.05450873491  
2.830586535  
-2.421864167  
-0.151495389  
11.84797035  
-8.187882502  
-0.7272386049  
3.74564259  
