-4.136335122  
0.1672347611  
1.608243361  
-2.990613946  
-10.46950104  
-3.211898248  
-2.009970319  
1.207115543  
-0.7449832741  
4.186904362  
-1.164015107  
2.534620483  
0.5103559973  
-8.709502941  
0.1671423944  
-21.28767691  
-6.562562211  
1.398315063  
3.726187274  
-6.068040103  
9.334705494  
3.663840465  
9.389934364  
-0.4618118944  
8.43496312  
0.1600030709  
-0.9419497312  
1.036361502  
-0.05468262124  
-2.205834807  
7.235275552  
1.051628529  
-1.448549393  
0.5330228958  
-1.401576291  
2.564488158  
1.086529291  
4.14643453  
1.592198441  
-1.817701478  
-1.204790832  
3.720797483  
0.5198148583  
1.768288207  
1.502977458  
-3.529056763  
0.2057567441  
-2.206121948  
8.753042744  
2.608221525  
0.7733446649  
3.997917547  
-2.391483164  
0.9898999425  
1.374603185  
2.054344368  
-12.22997723  
8.623765848  
-6.187329399  
18.07848232  
-2.394943402  
-13.204793  
-1.473037799  
-2.2261823  
-3.311468177  
1.015330426  
5.302866644  
-3.84603886  
1.46621124  
1.842613978  
