31.74479822  
14.45335044  
-58.28043215  
-4.900449362  
12.7300446  
41.53030339  
-2.640039963  
52.60421613  
-61.85885687  
16.0621022  
-81.0208548  
16.19443588  
-52.99858621  
-31.65646241  
-20.84626392  
84.07299457  
-107.5397124  
132.81773  
3.5762836  
86.82236203  
-74.29640271  
55.55160643  
-26.59456227  
80.94013317  
-21.9990399  
83.31908535  
-27.63647821  
69.7229898  
-65.7539129  
-45.46128891  
-4.621607512  
3.141914075  
86.23736006  
-9.785944691  
6.957138613  
-60.60645137  
-30.04903228  
28.68453115  
-52.7871081  
-48.65994908  
97.07924496  
-21.2079369  
-44.92030981  
10.54164451  
90.23438011  
58.77432362  
-105.3303964  
-52.13833539  
-41.69796371  
64.82388133  
54.89971244  
-5.239400785  
70.44349126  
22.31909493  
49.26349076  
110.8036312  
-205.2715188  
-52.77760735  
67.1182089  
64.86353729  
6.844698024  
-39.94020608  
60.75177319  
23.7654604  
127.757003  
10.43909589  
60.27119273  
16.02791234  
86.74032507  
-113.2529728  
