210.1053382  
-28.62611937  
18.50799764  
-35.31999734  
-5.606265314  
47.83280627  
37.13916677  
-6.044315092  
193.8092205  
-191.7728925  
121.0232042  
-55.05531153  
161.5290537  
-343.0997839  
202.7474165  
67.75582883  
307.2722531  
-43.15266202  
-13.00074437  
-59.82645509  
26.06431312  
-26.32533301  
-51.9016209  
-27.2352487  
-72.01328468  
-118.0798447  
34.39397624  
-11.40031618  
-92.55189128  
-72.35623908  
60.8305458  
11.7599311  
258.0437506  
-25.97234114  
-49.1900912  
-1.367847473  
80.66758768  
67.86602201  
19.15371883  
124.0311816  
-62.9488336  
61.67080898  
-19.79406118  
168.6814912  
-135.4452404  
178.0713265  
-123.1596376  
-65.50751469  
63.11720017  
-101.5062917  
-44.33132737  
136.4269371  
6.481799841  
-152.841333  
-24.32394181  
131.6095608  
-170.4614669  
-62.18688287  
114.1629888  
137.8018942  
-19.6001737  
538.1553364  
-76.03597191  
56.52273785  
139.4968366  
41.0176064  
127.874556  
-81.00384586  
-710.5825059  
181.0464401  
