-3.868745788  
0.789537136  
0.2628726549  
0.5504807979  
-2.356306493  
-1.180099687  
2.499792684  
-8.377199519  
2.974623248  
0.6783021476  
-0.1005790177  
1.878903419  
-0.5373830142  
2.464190819  
-0.1620271944  
-2.122092708  
2.605794271  
3.388367651  
-0.719099873  
-3.652478313  
0.1079116075  
-1.905957497  
-1.195897027  
-1.102548115  
-0.2715156867  
3.572856873  
2.028907551  
1.008980007  
1.88149859  
-0.5463397911  
0.1803249055  
-1.044902317  
1.480659469  
1.117273743  
0.6529140871  
-0.3966367304  
-0.2709697886  
0.0573087349  
-0.395138069  
0.1558103374  
-1.417866522  
0.4286961122  
-2.032921531  
-0.3804052328  
0.3327210125  
0.5863828169  
-0.2300902224  
-0.2232297916  
-0.9121620821  
0.4157134631  
0.8181067158  
1.706556573  
-0.2977476266  
1.990667246  
0.5917412955  
2.024459832  
1.987120352  
-0.4841365043  
-3.363798002  
1.230794188  
0.7101535248  
3.425343844  
-1.019609044  
0.001707482266  
-0.1521980568  
-0.4761069392  
0.418072731  
0.1482281061  
-1.710187955  
2.171327085  
