-0.5255493195  
26.82856746  
-49.02858161  
-95.45677686  
-53.28204583  
-145.5051693  
-23.1694455  
56.07747974  
-59.05142563  
52.20334301  
-74.79986129  
-97.53902462  
-39.80525348  
-157.260295  
-48.73974647  
-77.05598427  
-14.02277782  
-59.06956388  
-16.49793585  
-54.88609582  
-18.45543369  
-8.078140017  
-74.54284326  
33.72588585  
-74.12075365  
-71.14483462  
6.144740641  
-85.12696692  
-50.71661673  
-24.27550417  
28.20668599  
-110.2123881  
-98.1306688  
-40.28633878  
-68.67770037  
-92.90088618  
-117.8237945  
-62.17747022  
-29.53457958  
-22.29211291  
-33.88839511  
-4.451328089  
-23.63238652  
-65.64100879  
-88.46384262  
-82.84441937  
-3.837838466  
-6.322946451  
-69.13555021  
3.334162351  
-114.0921676  
-26.12132582  
-46.94313983  
4.326429603  
-34.66363358  
-101.0760538  
-67.97384514  
-62.6845057  
-111.2062953  
-34.5195012  
-122.1226068  
-38.69408223  
-85.41747514  
-112.6975138  
-148.0632482  
-6.550762471  
-140.2020511  
-39.31665793  
-35.66559172  
-81.06857962  
-32.91181019  
-39.19194601  
-17.54660213  
-31.95846154  
-125.4609396  
70.58240233  
-46.96908887  
32.47428812  
-4.243308956  
