-19.68936307  
-21.91771806  
-14.76190825  
144.3591581  
107.533183  
39.25419414  
-76.48308586  
15.64502895  
-11.32633697  
-81.59361733  
40.83254684  
24.24230429  
63.9608755  
101.3196564  
15.45033235  
-4.627324783  
-34.51622099  
40.63672376  
71.5095738  
-62.80666259  
94.33773291  
23.63763232  
-72.61496866  
13.52271987  
148.5394483  
99.59930653  
40.14549988  
-61.67353239  
90.31686608  
-61.81835626  
-45.19732265  
-8.177746656  
-17.3765059  
117.782134  
-23.95582735  
96.18200136  
47.32456232  
11.51629344  
46.8268574  
63.25365661  
87.74014224  
30.89495248  
79.48800666  
58.28233066  
-38.98947274  
-94.58340841  
89.77250496  
24.01637686  
-1.524597568  
-13.34422288  
9.069308749  
27.80392297  
89.7808661  
-25.70340836  
17.5235193  
-63.01080956  
163.8455155  
-92.41150207  
9.977340757  
-6.265653323  
-28.16525187  
20.0764128  
11.35489212  
65.63940238  
40.27873778  
-104.32849  
40.54434189  
-37.74081265  
63.99463954  
208.2274036  
