1.03274488  
8.268523826  
1.293939531  
-11.48142113  
-13.74903133  
-12.08214911  
-4.928412646  
-18.46356038  
-0.674479564  
4.49241169  
-7.755339245  
-11.49712976  
8.999444571  
15.19161172  
7.649656938  
-7.456589037  
6.395180835  
3.741943323  
-6.678773496  
17.46910756  
2.903466761  
-7.405335241  
-5.541067943  
1.873775775  
7.374534739  
13.42652023  
5.39107428  
-1.89897022  
-2.674354369  
-2.205334214  
6.412136657  
-14.38671889  
-1.559343548  
5.511268636  
-0.378248324  
0.2146225903  
3.077217747  
1.601628874  
-4.410948846  
-0.8971225537  
-0.1718608969  
-0.03353391422  
-5.545043714  
-0.7536081713  
4.41431823  
7.462774939  
0.6494731406  
3.048479388  
-6.421493696  
-0.3598753214  
1.504513919  
-11.62518924  
4.283441921  
3.907762014  
-5.708736036  
9.378081759  
19.68783696  
-19.62481959  
7.873515924  
-26.69739424  
7.870623776  
-35.82327476  
2.338362557  
4.450699634  
-2.774489486  
-6.967859321  
15.53586582  
20.39869277  
18.2276208  
4.028884576  
