-7.820124263  
38.6161708  
-39.44345814  
2.887793654  
27.34480538  
20.35746383  
-20.95993795  
16.29457164  
-32.12243807  
16.53631851  
-3.167234321  
-16.93559731  
3.72586831  
42.65079303  
33.65829576  
37.16783378  
-10.74781267  
21.33842728  
-5.654106526  
-26.41648356  
-5.516292322  
-20.42152891  
42.76510861  
0.6579415018  
57.34111205  
2.744390669  
35.27979877  
-3.04939702  
13.58560511  
24.49898849  
-12.83633375  
-8.412301915  
-6.314066478  
21.80858539  
3.706928035  
3.509576937  
33.84100538  
-8.918812048  
-11.59519874  
-16.56243103  
1.199698546  
-5.779117435  
14.71814168  
-29.1842729  
-23.17757097  
-33.14343191  
-0.5107300565  
-13.76898053  
2.731635378  
-5.833072384  
-13.70719473  
-29.09803836  
-14.71037824  
-1.074498554  
8.689741118  
-33.89949172  
152.6657975  
8.918359859  
1.279609791  
53.77456856  
-9.592465509  
-40.75133843  
11.58894581  
-1.637833323  
-5.763142373  
-31.72723627  
-9.601071886  
3.833430392  
12.27970169  
0.8538743882  
