24.69246114  
48.88864427  
12.70428111  
-277.4260295  
382.4044278  
437.1474968  
-49.51475477  
182.7912831  
-80.54981912  
30.11147181  
53.32827835  
-21.02425404  
166.5904915  
-1.67714386  
565.4375631  
78.85874869  
59.75891953  
-5.170892715  
75.45964368  
34.39826387  
561.8031108  
63.78578966  
163.8168929  
155.330276  
140.8402496  
-304.2771311  
-3.528577995  
122.1748164  
-168.4629524  
64.71050981  
-80.66498667  
116.3718047  
-71.44298494  
494.7413869  
-46.01476103  
172.3306059  
74.32243077  
48.20860548  
-89.43194232  
84.23194332  
86.96554311  
224.674022  
114.2532883  
81.86463537  
-193.3040262  
-108.2927025  
93.30600484  
60.55466436  
197.6466667  
116.4873097  
166.0196826  
-14.50329038  
168.7218679  
128.2424068  
-253.3433657  
85.36542206  
80.80994275  
-153.686756  
-12.80769246  
-192.4275447  
6.168822193  
140.8606077  
-100.5770496  
-173.6290151  
339.9414927  
496.5454924  
242.4257374  
119.2410233  
693.2040222  
289.9826546  
37.52915293  
-195.5165914  
28.83041608  
38.39329936  
287.284554  
869.4643107  
23.88324232  
-603.8441661  
161.8841141  
