-120.8809154  
1.96564254  
-124.7951716  
-68.81965596  
-98.06036193  
45.64716169  
2.581003793  
-131.7506671  
159.3475917  
61.06552569  
362.7303534  
48.95456417  
-10.59221621  
90.53322125  
255.9974636  
37.25029062  
69.3330842  
-30.9246074  
-167.1992616  
25.8664209  
57.96312071  
26.97765471  
14.90610935  
-41.4045869  
174.0601266  
62.42085662  
429.4935866  
-217.5724647  
-59.32584173  
16.6751681  
49.88949425  
65.85185999  
-230.1641173  
-1.922627258  
-39.98431949  
77.84086175  
54.57080161  
-49.16073048  
67.34178589  
268.2905324  
-168.3228076  
108.2090667  
-62.99975475  
114.1179652  
25.62039157  
-28.94813131  
104.1211466  
96.61254373  
-5.577972913  
-132.2632707  
-44.24346037  
98.81813908  
13.16338646  
-132.1077187  
108.5594971  
265.7056676  
154.0690181  
-177.9990873  
41.23025056  
-34.94074577  
113.6057599  
99.77599881  
-168.4129634  
-160.7304897  
138.5110258  
-22.67476657  
340.1505654  
-18.60948521  
220.5238532  
87.49178923  
