10.1346744  
-11.04157074  
-33.96916413  
6.918595974  
-50.99300905  
28.79057344  
15.67221163  
-76.97187926  
4.341692596  
10.19675635  
9.779287234  
3.667978418  
-34.1127692  
-33.41699918  
-8.228473643  
6.826889977  
-28.97230051  
-12.96159594  
-3.515215127  
5.887663495  
-75.04704489  
18.93984402  
47.2506593  
-31.74681692  
16.0677551  
6.420173476  
8.082934517  
35.96593347  
-23.42873373  
-32.97719338  
-7.041512658  
9.106249512  
8.548904451  
4.677451234  
-14.20014119  
0.9743121977  
-36.66708544  
21.19353686  
-15.21500627  
0.8425113576  
5.890828335  
41.35480607  
-19.14213554  
-33.03932725  
10.45100085  
12.06035832  
61.18245965  
0.5549543172  
20.59493868  
68.11475819  
-5.450508913  
52.24004642  
-7.778804307  
-33.15745978  
-66.67131218  
29.030961  
-7.162633086  
50.67571549  
-40.39474746  
-4.052154058  
20.12593678  
20.56816404  
-13.10002142  
21.24640428  
73.47503558  
-8.729968979  
-55.96701436  
-10.52583865  
91.22472755  
6.220989882  
