-13.60063512  
4.508629194  
51.28668471  
-46.24832216  
-19.64760945  
-9.431850002  
7.674115443  
10.39905367  
-1.235184537  
-2.860101455  
30.92593773  
-25.15183491  
-17.21642938  
55.56519193  
-2.126630286  
-15.74261375  
-6.42262031  
3.743800056  
-5.50320435  
7.370742042  
-4.540870029  
10.91236856  
16.42240372  
8.239153198  
-24.32920814  
-5.898686216  
4.999030485  
9.235019701  
-18.01710025  
8.940072289  
-25.6080011  
-11.04251983  
7.950159486  
-0.1314565883  
-11.18486815  
-0.7211110913  
-9.976108157  
1.598719167  
0.01136423361  
-2.4769832  
-0.7125056243  
8.824888173  
-17.66419619  
0.4215178421  
3.160996403  
26.11325775  
2.323260171  
24.79798207  
12.8797119  
-8.200662526  
37.91977937  
14.47217618  
-7.488139386  
35.28166011  
8.142721688  
-6.925217498  
13.84754391  
-4.967831748  
-64.95211299  
-34.88750243  
-2.575789096  
-18.61587479  
-6.763353538  
-6.941987547  
-2.946120863  
-18.87980302  
4.941103422  
-55.68358762  
30.52687157  
3.29686468  
