-58.15442045  
2.224768416  
-12.64009359  
-26.73305602  
64.48715143  
129.7553019  
265.5730329  
-398.6311954  
-138.2355179  
159.6573511  
118.4787159  
-2.849886207  
54.58871895  
130.5257169  
-107.1535  
92.19965558  
-69.29746199  
49.82279849  
-0.3414697647  
-183.1206799  
-435.7628766  
-137.0026019  
7.502621899  
53.01071524  
64.69321776  
-101.3580513  
-96.26374578  
-122.4626872  
176.9161954  
-54.7149367  
-61.62705003  
-27.23007252  
-0.2706716009  
263.3987838  
15.12814837  
-261.0535386  
72.20740169  
-68.11918407  
-79.66193261  
-56.07412702  
-145.8178474  
-115.6676514  
100.5412479  
-86.57825287  
51.00681394  
169.3679213  
37.48593768  
-115.1893312  
45.65506518  
62.22025928  
-112.7048506  
132.274774  
222.3263255  
94.47294794  
160.7027741  
39.76895518  
159.6148603  
152.7086679  
90.86900641  
114.7657197  
1.450954314  
-54.32143553  
4.21810513  
-154.5311551  
283.514652  
154.2844528  
16.40746793  
222.2333796  
158.9384072  
36.2136776  
-18.30441356  
18.21467396  
18.58482975  
-58.21450437  
48.21907693  
-41.06738221  
276.6528359  
-167.6387054  
31.01000916  
