-9.857408214  
-80.83877205  
-70.54866016  
-140.1736396  
219.0370093  
-178.8421538  
-4.272666983  
-91.02479722  
40.92438275  
54.68997205  
81.51311661  
-179.3906494  
-17.4516958  
11.8373406  
-27.32170354  
-122.2553847  
104.3117837  
-72.38541598  
51.00579977  
-190.5657819  
91.62106843  
60.65576113  
-227.4012312  
195.3021772  
-119.0681442  
-63.6814146  
-193.0143675  
-2.229083358  
19.86373918  
-29.58635879  
117.7690566  
248.7844727  
-246.0921165  
47.02591042  
-37.1990292  
-138.2702307  
-48.45829123  
270.9083682  
-141.2752192  
-62.09114042  
16.71853681  
128.9378701  
-71.62868426  
-66.09212207  
140.6246618  
-179.0227696  
40.8632896  
74.34460506  
-104.6217178  
-29.75792024  
428.4185288  
946.6042815  
-17.94188478  
111.8399353  
63.10321616  
-19.5210687  
34.93453113  
-235.8137398  
378.7402947  
145.7423321  
