18.30135531  
58.36738986  
-22.63754022  
22.84207209  
31.57236338  
37.22746658  
-28.0384455  
37.85119388  
-66.29641304  
-10.00516777  
55.23727028  
37.93222736  
0.3227501109  
-32.05624382  
30.73838199  
-40.41230673  
45.60133768  
-12.46559561  
45.49017991  
44.96354216  
-30.61542581  
-13.76274834  
-7.491357386  
84.42842417  
30.20861611  
-12.47449692  
-22.58358705  
-44.74871218  
37.11934884  
33.74166518  
-16.47941334  
14.66977918  
47.71112423  
23.41766003  
71.56886726  
19.27352581  
-55.0851429  
-28.21344894  
-11.58867326  
-24.47346525  
-4.346694827  
-26.67447303  
-2.554468822  
-18.59827582  
-9.68074699  
20.25549889  
-11.7709311  
-20.95002543  
-45.03341298  
-18.83918478  
-25.06518475  
21.68859402  
55.75539444  
-49.48919724  
75.32092823  
-43.80999748  
-5.558154831  
15.35018877  
37.75008479  
19.73934451  
