22.68799704  
34.40690663  
-53.0488918  
29.64111837  
-2.805870855  
-2.464600467  
-5.999882618  
25.79080627  
-36.27512403  
35.70480958  
40.54477256  
25.89596183  
-0.7128770734  
3.885172343  
25.2551293  
23.38958999  
-30.25467007  
-26.8660542  
3.874468811  
5.886513385  
-0.2526756171  
-13.74086014  
24.43508985  
7.535837452  
36.92847256  
40.41709936  
-0.8939239399  
10.73470124  
2.270314218  
11.40773396  
-9.357050079  
-7.640984303  
-6.770292419  
-1.75532785  
-7.657013801  
26.60246797  
-10.45049539  
-8.399326437  
3.714384793  
9.847260156  
-3.958672598  
3.611193982  
-12.77816765  
-78.72891041  
-9.741746181  
13.55564101  
-47.44563786  
-18.0597559  
-50.36203075  
-3.161441396  
1.787391205  
58.17582514  
