-2.613242985  
-4.909259648  
-21.19234533  
12.91346428  
-20.68195439  
20.4330041  
5.699463277  
-5.248452071  
1.558595342  
-6.182232589  
2.191027754  
-7.184770698  
2.186401422  
10.37513513  
-1.303782426  
12.7117579  
3.777792931  
4.365741648  
-7.385107437  
25.16380644  
-1.438495315  
58.2707735  
10.76450345  
5.716994489  
-26.85774313  
-31.03552769  
-11.52142178  
4.939340121  
10.67578323  
-13.59731253  
-0.2430510606  
-4.242439721  
-9.92505908  
-0.6787410856  
-2.23404413  
5.637033847  
0.01557293091  
14.75977492  
5.609094796  
-2.381927155  
4.545743  
0.04587800992  
-6.566997457  
-42.99554293  
27.40066919  
37.87917508  
13.16554456  
10.84528886  
-15.24063367  
2.774980807  
-34.42922378  
0.1895668474  
