67.47283844  
28.07522115  
-51.6559282  
48.9493173  
24.00569141  
40.23846204  
13.59541202  
35.23745069  
41.73462101  
51.75094163  
145.222311  
-1.595985353  
68.90499825  
160.7185423  
76.12429205  
1.127508603  
12.68740124  
37.52765011  
-5.148017373  
34.31137823  
79.96945603  
9.795124788  
24.18081241  
2.0431904  
109.4113837  
57.06825403  
70.35406039  
-12.45578121  
14.93561558  
0.7693229881  
7.402376787  
4.805230918  
112.8015257  
77.34542848  
78.11281985  
50.83685789  
12.02154212  
105.8968017  
-12.08358123  
39.22753472  
-37.00972165  
86.06036171  
-62.58502349  
19.09879669  
-133.7933597  
92.92384268  
-31.78638484  
-26.25547057  
29.4167446  
-54.11676964  
183.9618063  
23.68354929  
