57.04134998  
-21.91974243  
-130.6281365  
-10.866717  
13.98062582  
-94.15786979  
-43.97528666  
26.27622836  
81.13759262  
64.45978471  
-125.1211641  
91.04397906  
8.502801229  
-0.1410325282  
-56.25739546  
-54.92992896  
91.48395799  
-14.50602048  
10.64472145  
-4.539200912  
-23.57622514  
201.8601366  
-12.72779565  
-31.0427876  
80.73483388  
-177.5903107  
21.6273776  
-11.03017707  
-15.3740948  
-70.05191146  
-69.5339145  
-11.8917598  
-6.365177573  
26.16793092  
97.67100046  
-36.23840662  
48.34094965  
-2.738764338  
-7.286656154  
2.219700516  
22.03177858  
16.99081816  
43.94635581  
-108.5591889  
-174.6267552  
44.32162223  
-146.9812489  
-73.7952224  
-121.7436032  
44.03476451  
-39.80740702  
54.06239865  
