20.58035829  
-30.85971868  
43.4793236  
-7.752188029  
22.85627904  
-1.155741698  
50.36122593  
36.00146203  
17.36656435  
-33.88117104  
19.35116111  
38.5417568  
-41.50257444  
-24.50325629  
-1.126620807  
-14.19664479  
-14.4033092  
-31.79548459  
7.062807644  
-53.22354484  
5.844763498  
9.644130416  
37.11484295  
-27.67670216  
-39.69384192  
-31.68888581  
73.4505152  
33.07331761  
6.885575507  
7.065852291  
39.06980037  
26.84938655  
17.37530318  
14.5758401  
-21.51552261  
-18.76469125  
33.75407632  
15.76851621  
13.34871158  
-27.72397888  
23.21845952  
-16.20670789  
14.54269279  
-13.93940677  
4.099032408  
-14.7502169  
-32.84215313  
26.76820962  
52.19942268  
-25.87006651  
25.51400967  
-61.49826328  
-70.95414215  
27.72483206  
53.5377607  
-58.87093539  
26.17168095  
64.36071398  
33.79396522  
-16.33431001  
