13.5935689  
5.181714041  
-43.80615271  
7.664813206  
-42.20449373  
-16.37595182  
4.732378762  
-17.71545407  
-55.82147394  
-24.05856751  
-32.44236161  
34.80584333  
-25.69093145  
52.94504725  
-8.913905781  
11.24858594  
-73.45336069  
71.21856918  
-64.14189832  
-62.38181349  
89.25927734  
6.277961626  
20.4494359  
55.84962809  
-29.72587537  
-2.550802329  
-14.65247686  
25.58920036  
13.49259641  
-13.56839595  
11.33816139  
-25.42197577  
13.84390395  
-34.94157288  
-23.21686551  
-22.40637945  
33.92699514  
27.03266105  
-17.92710237  
14.43212908  
-31.35677162  
22.55819324  
60.76965958  
118.416963  
-79.02735598  
1.257130261  
-94.2988973  
23.31359545  
36.09142077  
28.92427525  
12.07457597  
48.96256658  
