99.7617012  
26.59870752  
-116.4150116  
-50.44480673  
67.45267966  
52.2029247  
60.46841283  
15.60798391  
-69.48337313  
-103.1626709  
-29.89823248  
4.971564674  
12.47062729  
-11.9415549  
-50.64662911  
-195.6089334  
-86.24355602  
-64.37654915  
-111.761905  
-72.26718966  
139.171507  
2.382079124  
13.23248924  
90.34473775  
-66.33603942  
9.848396428  
77.56184146  
63.42818378  
-19.83654534  
73.64532989  
-38.37977982  
-135.8990593  
68.33222739  
-29.73948329  
-28.40768703  
-127.554688  
-97.60521081  
-48.4334856  
-65.50662533  
-145.5546397  
17.00962087  
-71.47179171  
-54.25151477  
-195.58734  
-5.943942833  
116.015049  
-196.3971146  
12.11878262  
-28.7559163  
-25.72031253  
18.52813161  
202.4540258  
