-78.33994891  
17.79544004  
-2.660720126  
19.67176974  
-21.9607784  
-133.3732326  
-25.19047718  
-3.612314288  
94.02010651  
-0.768395106  
121.1331868  
41.49732315  
43.04912205  
26.56113749  
86.62432938  
63.87812902  
-102.0440308  
22.09551773  
31.22948087  
-24.47752245  
2.747809005  
-49.89051958  
-34.29472415  
-103.8930869  
3.240776761  
-17.2879855  
22.4461654  
-53.33638179  
78.33714269  
15.90922006  
52.92121518  
50.06664035  
36.5158899  
2.590898832  
-22.30707137  
46.33790601  
55.74865055  
21.68811967  
-14.49332763  
33.80902163  
-55.3870104  
-14.25262811  
-4.010363436  
92.24427579  
-69.41438238  
-34.57225189  
10.27098953  
48.28654133  
11.50379626  
-43.09125004  
96.18390935  
-73.88673563  
