-17.02813745  
32.12510654  
-66.55809781  
-2.947484345  
-78.20388  
-30.37007481  
78.87305694  
-11.22637258  
-65.62694875  
-42.13915161  
-36.57650618  
24.33174949  
-5.655060078  
-5.432413183  
-54.92470608  
3.924632426  
-74.60461251  
100.8371599  
-30.69273076  
-70.97876199  
93.88889852  
8.905719502  
9.111386699  
96.21600654  
70.50163834  
19.93514003  
14.1411475  
52.35437554  
2.534916039  
-18.16416919  
-4.77641772  
-9.66529068  
7.40768696  
-83.1474907  
39.5583206  
-123.0460933  
0.2740077849  
70.98780265  
-31.45901337  
13.35640061  
-22.70156184  
-26.91209596  
78.48938436  
170.2384198  
-64.64439298  
92.67443867  
-220.4958458  
24.4907602  
-23.42682381  
20.44912854  
34.76985478  
39.76656001  
