-44.57596399  
-223.2502345  
-31.49950714  
-74.99526662  
-6.280602751  
-42.37519902  
-154.0297106  
141.9081382  
-87.10302669  
-235.6853922  
215.4145558  
-32.94370591  
169.6833169  
-31.36797697  
143.4478942  
86.42755604  
-73.47039637  
47.96065113  
-362.0686522  
-172.3277422  
143.2352266  
13.85475925  
-202.7325199  
-96.73710182  
2.038209652  
203.5791884  
-134.8037241  
-69.50858573  
-176.3216221  
-4.948376023  
130.8562912  
16.62596155  
2.597398117  
4.724543267  
-180.317313  
109.5811008  
100.9023428  
-58.0325311  
65.15283525  
-58.04150118  
216.1906641  
-186.2576996  
-23.9586202  
-169.6826972  
-115.8606618  
-20.27647558  
466.6129126  
26.38735152  
213.7033516  
-71.89436487  
400.9575078  
-435.3473023  
