-62.04011783  
-81.22309193  
97.86376427  
-5.13290181  
40.40014251  
-21.83995559  
5.61136626  
42.59247183  
30.81225207  
-15.49337276  
123.5363037  
1.967174267  
57.89822317  
94.35090655  
-99.13705163  
35.85118382  
122.7951509  
-3.130560053  
140.75759  
-2.660807153  
70.37177044  
28.44524027  
-25.19163857  
90.87208851  
-51.68359626  
104.9733716  
-83.6913906  
19.63817894  
9.84442137  
-18.14879901  
23.20395007  
-8.054252411  
25.82319064  
72.19737135  
-23.93653903  
-82.5912323  
49.85025252  
-16.40614011  
53.36396727  
-10.90137654  
93.96458037  
-3.495750419  
-41.99888482  
0.2036802686  
33.01683921  
31.75460608  
111.9789502  
-7.922016698  
77.18043321  
50.7365218  
70.64150298  
49.02221971  
