119.4724333  
-47.73079697  
7.745117696  
39.37158852  
-60.09478073  
51.66119506  
-236.5804006  
67.20857569  
-195.8002586  
54.13071531  
34.80349426  
-80.98505389  
46.5997256  
-226.1810009  
-108.2144021  
-510.6154989  
431.4069656  
-98.17569402  
-272.4531532  
-104.0998886  
-95.47515298  
49.70993093  
-32.98558922  
-145.5837794  
-81.27633362  
-275.5737895  
-133.9878625  
-82.38603706  
-70.44108505  
159.9650024  
-18.23083445  
10.22827544  
110.2083096  
-143.0950073  
143.8977517  
143.7292383  
175.0921188  
-67.36191791  
-10.66951103  
130.6909045  
342.8805125  
-159.6854837  
-746.1116028  
230.8166189  
258.4928247  
-462.200237  
226.8627378  
-22.56840329  
-5.610878245  
-24.05299339  
142.9837723  
15.09312634  
