-119.8249491  
-111.2334007  
131.3474921  
51.59062239  
-4.08863945  
118.6344271  
115.4128265  
34.81432603  
2.03496863  
110.4367842  
51.64192231  
64.82446483  
95.16262385  
-96.23850206  
46.60883497  
289.683473  
-154.2978953  
3.988697624  
-80.7043752  
136.2103893  
-25.47885104  
-27.03294652  
-46.56306691  
115.3522728  
45.90949752  
266.7066083  
261.7465266  
10.83265355  
-106.3540269  
157.091706  
315.30277  
5.175491905  
11.54750462  
125.5912381  
-76.20261867  
-37.53483664  
-85.49418208  
20.37119687  
-81.69398193  
-85.05932174  
-60.72597486  
9.206960805  
398.7907908  
-1.535132853  
-266.0607519  
383.919605  
-61.57296855  
55.25384293  
14.14040775  
-20.49287233  
-21.23212166  
-105.2902765  
