6.162143455  
-5.793360287  
-3.3996089  
-2.725775109  
5.508075052  
-3.537377098  
-2.183258284  
4.524872222  
13.7451318  
-0.3400292649  
5.015761544  
0.04933004053  
-3.732784878  
15.70642105  
-5.869997822  
2.997097178  
3.601851607  
-2.380243198  
4.721128043  
4.449604637  
2.389070223  
-12.60399868  
2.778858034  
1.296716495  
-7.98082983  
-1.084751226  
-18.71763043  
0.4516203931  
-5.465810072  
11.67940048  
-7.394582712  
2.344457113  
0.9644516675  
2.992261297  
2.275047426  
-0.257419812  
-7.86084411  
9.733405337  
4.205170925  
3.124227847  
2.155533489  
-2.694252202  
14.50864667  
6.567085997  
-0.06096983013  
-7.526246211  
2.023063797  
-2.416199167  
14.653127  
8.40116983  
5.115751347  
6.008086482  
-5.700721908  
2.535130664  
0.4483671764  
3.91138585  
1.506972819  
1.35900738  
-3.437317295  
1.745519891  
0.7925116042  
-2.242152136  
1.535803782  
2.088361226  
1.195803748  
-8.493044708  
-13.54854735  
3.893383924  
-1.29877949  
1.379305757  
0.4287804222  
-2.530514027  
1.659640749  
-3.290340921  
7.125041971  
-7.293761267  
6.303063652  
-6.050253999  
0.01733776318  
11.74683858  
1.330737886  
1.336735891  
1.814721539  
4.684884499  
0.278380398  
2.428460685  
5.160985045  
4.492706103  
0.7907803076  
3.156715058  
4.035798736  
-2.012267409  
4.95564011  
10.20809455  
1.124066289  
-1.549216625  
2.991663378  
4.603796014  
5.629462224  
3.81478158  
10.34015072  
-0.9235076045  
-2.676923478  
-0.001131402758  
-0.1950887683  
4.756707992  
-3.680553884  
-0.06757998925  
-0.09157553215  
5.141264736  
