13.4322825  
177.8522552  
-132.888313  
-121.4475665  
77.42394109  
-16.44803908  
-168.6619842  
184.5342469  
150.9118858  
-22.49206894  
7.147776867  
92.1454177  
63.88794406  
-126.676043  
231.6654109  
54.1947914  
279.0829534  
8.504736795  
-63.38938203  
137.5107134  
-7.637041569  
-126.810795  
-11.12098578  
-60.68192654  
-28.1360404  
-49.1510717  
47.24812995  
53.64741489  
70.73994092  
-328.230875  
-1.944108838  
-159.915976  
21.73799546  
50.30243799  
197.0153742  
19.99418569  
-11.01467559  
156.1898612  
6.883656301  
96.09600396  
117.1202002  
-40.66979238  
48.63123417  
114.2707826  
-157.9152293  
-77.35992373  
-39.45141873  
128.1342329  
-92.90834063  
-66.307373  
547.8548388  
142.3217758  
