142.6307891  
40.25713016  
155.1801188  
-98.4668348  
64.65785927  
115.6790624  
23.7120355  
93.37041407  
73.48284385  
15.97641432  
-187.87677  
97.95505334  
501.4862536  
90.10216405  
146.0381007  
31.99669899  
24.17444961  
240.9953218  
-91.35246051  
216.4839517  
104.3017479  
83.52659827  
-80.82767601  
-173.3991396  
-61.23426926  
82.16035812  
-37.35923573  
-164.1066056  
-278.9191134  
-79.01722732  
95.58408391  
-248.0613279  
-114.8815046  
-350.8906151  
-5.084514749  
58.20654942  
-125.4796671  
210.5824811  
256.2698842  
66.99344914  
-57.84138312  
-6.187958441  
84.00945523  
-67.30623424  
37.23878424  
-25.88466801  
29.20522769  
-49.82727732  
2.816990655  
75.26251491  
-199.0696121  
824.1823501  
-70.55473919  
52.10430868  
-0.982872317  
-126.2275369  
461.3840288  
-72.46486919  
303.6272659  
119.3727112  
