7.519874367  
3.798860733  
-64.45954693  
-5.789641234  
45.60959346  
-39.26761491  
21.50304155  
124.2665477  
22.3375138  
58.8820672  
33.62908923  
29.28069967  
-4.590434976  
12.56357396  
-77.5435868  
-21.17034557  
-17.09955821  
-96.87883626  
-103.0568219  
62.70157103  
-36.87078622  
94.14287617  
-60.85078811  
-20.62483263  
-148.8658116  
165.5396766  
-38.06709633  
6.292938673  
139.4768917  
24.36905681  
28.24111399  
13.45546667  
192.9088862  
29.13379842  
-1.911806171  
77.0521291  
13.6198229  
80.0234053  
63.53656021  
33.80073337  
18.64333155  
-69.93225779  
-106.5007915  
-8.981088941  
-111.1464148  
-144.3344862  
-35.62717792  
67.05466137  
-6.180207601  
37.06065354  
47.32239388  
402.1704195  
