-0.3300837187  
104.153735  
12.67363914  
32.26491785  
-148.3456854  
-141.4772652  
-86.98370603  
-72.18687652  
34.23039895  
124.9910295  
-87.34866704  
117.4998633  
132.4954408  
-131.483784  
127.6745118  
-332.6532793  
153.7897144  
90.2978794  
-463.1938058  
-636.4195967  
-97.21891887  
2.00436317  
112.3654532  
330.1078493  
207.1417996  
-343.7769139  
208.0915349  
51.76459712  
319.2077233  
-18.16253469  
-56.09278939  
365.5256454  
291.8877693  
137.1361838  
193.0016765  
-347.5404794  
166.0234049  
-20.12362069  
165.3153098  
151.5283306  
201.1602985  
-26.89375092  
-12.03490279  
-94.77916587  
101.6739988  
565.2226322  
53.59321378  
-60.01657959  
-99.41530184  
44.1717937  
149.8726572  
83.37071637  
172.7160101  
698.4961915  
-29.90596303  
-147.9119667  
65.36194677  
18.19209732  
140.7255768  
689.115769  
