24.74495912  
-49.07376277  
-76.35023606  
20.31845366  
0.5063814591  
-17.64190738  
29.09630589  
-45.56647957  
13.38399262  
9.054299814  
-51.28501033  
2.557884163  
-12.8465636  
-47.69240675  
0.5223532696  
18.59309329  
35.23947877  
12.48510002  
85.96016994  
-107.332549  
-16.60308593  
14.96028802  
-4.06250269  
-25.18638475  
-0.07524114533  
-60.18798904  
-0.6809544438  
52.9423889  
-12.30575891  
-64.65001586  
7.200166432  
-2.842752531  
-18.35783617  
13.6309369  
-0.4063184332  
0.2327206652  
22.6484107  
10.46790284  
-27.68749549  
59.81758687  
-43.49463607  
2.755358092  
-103.2962829  
35.74022421  
75.25273597  
18.0006978  
-38.83533045  
-19.62121026  
13.13350858  
45.60209249  
-5.23126768  
78.84225933  
