21.94162094  
10.79865297  
-61.44678806  
50.744743  
151.3215277  
34.73690651  
120.7325714  
112.1681339  
-32.68119643  
7.913028315  
-142.1724108  
103.1706208  
-41.11778316  
63.22418473  
-1.70478876  
112.3591163  
-224.8944041  
191.5503521  
8.093597569  
-56.32003753  
286.6739221  
46.32624155  
62.41060834  
-85.06184916  
-54.3212525  
-107.0759794  
203.8188411  
-30.25115412  
78.89611286  
106.8224585  
40.53758093  
47.59493263  
-13.32000759  
58.65383542  
-99.58229677  
21.41640428  
-68.44428941  
-144.7532648  
-122.194457  
204.9883655  
-98.72991798  
61.72406823  
-20.43313634  
32.71023757  
-167.3431098  
254.0498158  
149.0877384  
-62.97506704  
5.465116124  
-245.7880321  
111.3538682  
-79.86769954  
