27.99482652  
224.8762295  
596.6530938  
-10.65122514  
36.69761531  
283.0290749  
-213.1999573  
558.5982604  
-241.1699819  
-12.63059292  
-57.66027699  
-8.385421515  
98.28824096  
172.1490052  
-47.42551201  
77.29170971  
163.4270558  
70.51337024  
-14.30787378  
472.3950763  
278.6568891  
75.30648221  
383.5958675  
-72.82374502  
-218.8936248  
113.8965136  
-270.5461046  
-159.9499571  
5.313204565  
24.85689806  
-92.25765591  
-210.7542676  
-151.8986087  
-138.2955193  
-54.35304453  
177.3759507  
-311.3666841  
314.2358928  
-128.9606292  
3.580324895  
-34.65005171  
118.1480903  
-38.12916522  
-44.97044735  
-62.84830158  
46.72693775  
-13.69986594  
-189.2909876  
350.4427743  
-278.9219314  
-17.79806079  
-143.6858688  
-312.4415363  
90.42244621  
-56.87763259  
110.9350498  
-90.04053362  
-205.5765996  
294.1218957  
37.75774946  
