166.2331424  
-32.38911115  
-157.5783102  
96.43197566  
-6.219261646  
144.8628563  
-141.6552069  
268.3705339  
139.3748941  
241.1744053  
440.2460906  
-254.1835233  
-45.68480814  
-88.65247118  
675.5942535  
17.86529209  
-227.3399336  
-339.1091039  
-227.3037348  
663.1759754  
-257.4178317  
-124.9271029  
146.2732046  
22.48458488  
-649.0402189  
-194.2249252  
67.38653007  
90.56165591  
252.3911239  
-154.3066559  
383.8295934  
-6.569480548  
-52.23788795  
-168.8203847  
64.12131482  
-261.1799553  
107.1749427  
-96.71970778  
-687.2740032  
0.2335375823  
37.65177639  
-100.847822  
107.7277861  
-76.51363122  
-197.2465883  
-955.7412156  
453.1989815  
381.7865202  
-158.8782443  
-368.5359006  
258.0843452  
-337.1650311  
