33.20829122  
125.9034167  
-3.629264121  
-51.78107169  
-22.66439235  
107.6439602  
14.60216848  
148.0150257  
274.9029239  
338.2100186  
-37.83718154  
100.8726257  
-95.03122206  
-88.09464777  
-54.62649102  
49.72528808  
8.902384225  
99.45666763  
96.69496973  
79.83446148  
25.88068456  
86.45768979  
102.539447  
104.4157998  
72.86000136  
260.6353276  
231.7376871  
57.60788347  
195.5913607  
-2.129011532  
63.36122641  
-85.48986549  
-42.19384502  
149.0409685  
-43.92439181  
1.07148386  
-156.3940486  
106.4835826  
26.38555834  
158.6181873  
11.67287172  
105.2078892  
-66.2201145  
-5.81195218  
56.67117301  
-9.075028112  
1.174025266  
101.6466051  
111.5750326  
67.52638651  
331.8255482  
32.61604407  
-111.3347367  
-11.06020189  
118.0161528  
109.8289558  
132.6283906  
-203.9583239  
166.0007888  
-471.4773054  
