51.26594145  
4.098583622  
-63.28975702  
-29.04648951  
6.141605396  
18.6178954  
13.05980828  
47.00047335  
83.24281062  
-27.38980654  
-16.11147294  
-1.883589288  
2.228797366  
31.3985589  
-14.81580359  
27.86451135  
25.55427253  
-59.24259835  
-11.98003731  
-25.37389426  
23.56635964  
-3.75521046  
19.27938477  
11.69815802  
15.37598519  
-34.80216364  
-0.4610337578  
-3.598951727  
-11.95265536  
-42.60617561  
5.282954399  
6.630513384  
-9.152046483  
-35.992269  
8.923644598  
-6.46834842  
63.41119376  
-22.95548033  
-6.705901758  
10.38951051  
19.9815976  
1.035111514  
55.55976665  
-21.83385395  
9.067701961  
-11.66493149  
29.51895494  
4.911759347  
37.85873443  
-68.9486802  
-38.9258598  
57.84768835  
