-10.10543709  
-67.43029561  
-3.03948176  
137.8585676  
6.476331702  
27.39077433  
-23.73338632  
59.10775613  
-97.75950428  
-9.648932489  
18.37070833  
-19.39339572  
18.5037228  
-81.98278096  
-129.2656881  
-5.129801498  
169.0887047  
61.91413066  
61.42216155  
8.694611198  
134.9471218  
9.190325329  
-94.32374775  
9.253946524  
63.37803095  
7.582283271  
117.0025158  
-44.5728954  
15.9803144  
162.0141659  
-60.29866041  
75.00497704  
-19.8591248  
71.39178734  
-15.63135906  
-25.0533947  
48.41551614  
-21.25229076  
-38.48539535  
50.7803887  
-124.6620814  
71.20315147  
323.5355223  
80.86473905  
-131.7510376  
50.53766122  
90.35944723  
-25.69783322  
15.10593963  
149.862624  
-23.54284186  
263.358106  
