9.954156223  
-5.993192494  
-57.87749122  
-42.33949634  
22.05508762  
3.108045649  
-32.62811303  
127.7014748  
-67.36268157  
-25.33984331  
12.34416145  
-14.86536625  
-63.65586731  
-39.613142  
-42.44963256  
20.47367827  
-35.69584218  
44.97664627  
-40.95853075  
-136.3807938  
-1.352362904  
4.317719424  
96.65117648  
-26.70809517  
-17.22908368  
-23.08251182  
66.36495987  
-47.2724638  
17.10813893  
-7.909086435  
29.85112807  
-48.93858017  
-12.9650518  
26.63683282  
24.47058355  
-15.35286868  
-53.50941044  
-108.0259847  
-30.85525605  
91.62183814  
-47.1732832  
9.089857013  
113.3483153  
-163.1627489  
-26.87620325  
56.3017945  
19.87249956  
47.16962248  
-21.49882152  
-71.90865643  
89.29016148  
29.10894528  
