51.09248881  
3.962126804  
55.55255583  
-63.17992267  
34.0821129  
17.72915159  
-28.96541617  
-57.48127321  
-17.64421229  
6.194289844  
18.35387711  
13.01515769  
46.80593326  
83.16977358  
-27.29791904  
-15.94421582  
-1.834960525  
1.904149641  
31.24805685  
-14.82959411  
-23.81961132  
27.77023607  
25.17017767  
-59.05138686  
-11.35720713  
-25.31328422  
23.23788412  
-3.741130123  
-12.12039689  
19.27610835  
11.69979341  
15.42320134  
-34.72426531  
-0.4333392325  
-3.490232098  
-11.95238717  
-42.51221071  
5.400431951  
6.638844962  
-9.366156696  
-35.600041  
8.84654892  
-6.452756382  
63.14769843  
-22.9145059  
-6.507642642  
-36.73951537  
10.40281332  
19.96867141  
0.927641027  
55.48426516  
-21.4346147  
9.072220343  
-11.69938823  
28.73440741  
4.797467723  
37.78482175  
-68.64300769  
-38.56685428  
57.64801542  
