-4.16047773  
3.764044228  
-1.839423582  
5.896628237  
1.788678652  
-10.47588738  
7.170281312  
10.87961694  
2.08325091  
4.743901389  
-2.596227078  
-4.964293801  
0.2085266792  
2.999176444  
-3.142431799  
-8.391743644  
0.6703813044  
-2.253449251  
2.506226788  
10.26164081  
5.368733855  
1.479421745  
-5.617584915  
3.473337087  
-4.475706456  
-19.08794845  
3.057507639  
-2.232320451  
-7.710974745  
-2.498890286  
-0.3811198689  
-3.448409811  
0.9243603072  
8.36171145  
-1.782810137  
-2.338988145  
4.081846999  
-0.1704408349  
1.838429186  
-3.987480662  
-0.3831128643  
1.996097874  
7.465978598  
-2.42558425  
5.160750381  
5.689616985  
-1.690677509  
1.680916862  
-14.97474958  
1.69070603  
-13.86470633  
3.691055811  
