-0.7443891764  
-14.81117301  
3.228606989  
5.104790197  
-10.38634021  
-27.70932687  
-5.236018539  
-25.83529158  
7.875014403  
7.503773125  
7.423272774  
-9.579503136  
-9.848915283  
-4.60441249  
-1.074644217  
11.1425439  
1.173346059  
-3.766658741  
-0.6723918901  
15.51362962  
-6.370147978  
5.454259453  
3.180037823  
-4.174234244  
33.36375378  
24.56178464  
20.27894288  
3.635773067  
1.258464245  
-2.597882145  
7.139263149  
-1.861382712  
-0.9526957902  
-5.481651583  
3.793296718  
2.342262675  
4.840548777  
5.794381263  
3.737944609  
4.95040134  
2.535353285  
-5.513067806  
-23.21189806  
-12.11803642  
-9.464483882  
-15.09751737  
-11.61336891  
-2.111143872  
9.633634527  
3.231393722  
17.75752694  
-7.199825207  
