51.21862268  
23.39662884  
35.13943282  
-39.95812876  
-3.895811947  
48.94091541  
79.85995367  
73.79459666  
106.2676589  
157.2840684  
31.74023481  
22.31990103  
1.779394404  
-36.32808026  
48.37871052  
75.43198696  
42.86237725  
47.0576076  
5.827917532  
19.24397707  
89.2499481  
41.39822518  
42.4555968  
-11.03841466  
14.36287739  
51.81028658  
8.53676496  
36.64170899  
91.4343335  
2.402657841  
25.30300369  
49.58945358  
65.37565581  
25.10764524  
13.97402098  
-22.50838849  
-16.7023912  
67.05294876  
-11.93230198  
107.3465132  
53.27303079  
30.80787361  
-16.88894227  
-3.155992123  
4.640234836  
48.25904614  
35.02342165  
68.58438878  
23.04228338  
92.5635165  
66.52591776  
-8.737201836  
-11.42538795  
32.92240178  
47.25318608  
21.30557628  
53.19908408  
45.71169957  
135.474744  
-28.73324013  
