-10.17950861  
-66.77353449  
75.33913728  
-2.759999077  
59.1540357  
-18.66780763  
137.4580536  
-193.4064117  
94.50197416  
6.757575284  
27.42277214  
-23.53980389  
58.81292455  
-97.59486541  
-9.366865649  
17.53263454  
-20.01736847  
18.99929757  
-82.02021022  
-129.6980817  
-75.90376918  
-5.004417236  
168.0733816  
62.18348899  
61.411901  
9.048638192  
133.8080478  
9.538033866  
56.66725049  
-94.15022929  
9.625812712  
62.81621431  
6.866253206  
116.6974992  
-44.32843982  
15.51237045  
161.8440286  
-59.03417662  
74.93823492  
-19.48448523  
71.50484943  
-15.77228884  
-25.15005916  
48.50367474  
-20.65945676  
-38.57893347  
-7.978054637  
50.42936642  
-124.3592699  
70.11850596  
322.0575609  
80.41576344  
-132.4262963  
50.14455889  
89.4701414  
-25.80136036  
15.30649325  
149.297827  
-23.64918932  
262.8292857  
