-4.35543331  
-13.8932584  
-16.37026566  
0.3795176903  
-16.98189846  
-15.27784849  
-0.6209352406  
2.605310078  
5.62596649  
-1.812881598  
13.94230995  
-3.205815358  
-6.090945953  
-1.254812894  
11.70218659  
8.629345808  
16.52294897  
-2.426816215  
-1.302765554  
2.560134184  
-10.30805568  
-3.340164032  
5.498036384  
-13.29899568  
9.835368247  
39.95905873  
6.680026788  
-5.092691554  
-0.6183647791  
4.782697415  
-2.099493215  
3.02588896  
1.930985716  
-3.489106048  
-0.6959487093  
1.66419501  
-2.850673005  
-4.85586288  
9.027930488  
7.987713151  
-6.753917785  
3.576455178  
-65.29102856  
-31.07067245  
-11.38907822  
-7.935755222  
-5.833879911  
2.884707976  
33.56288174  
12.51322606  
26.45298851  
4.224112553  
