56.96943369  
201.2431029  
26.8972603  
-47.69184461  
93.94495809  
162.5254812  
-220.0363932  
185.0354176  
-6.787420162  
32.965364  
-59.43767891  
120.2835775  
-13.94237529  
263.2941807  
-68.06458498  
-4.516999828  
-78.45800526  
-5.316806846  
89.78236313  
540.5561506  
180.025693  
31.90801211  
-46.01405169  
-64.939105  
-0.5076154419  
126.7923674  
-164.9809558  
-80.12758943  
-158.3960128  
56.19997494  
5.693897762  
-27.56306201  
41.69212839  
-206.2165726  
-17.32855088  
97.27746393  
-250.4250682  
103.9530927  
59.63747041  
39.69123312  
-47.90301776  
6.847985813  
28.56847249  
-65.58820377  
-22.44915231  
37.29542573  
47.63149114  
3.351924262  
120.3616954  
-27.17769197  
-224.2736736  
242.7235445  
131.6272141  
-6.101066414  
92.31675143  
117.3093536  
28.92542717  
-166.2789982  
381.7671674  
-296.1656306  
