10317
10369
10402
10418
10462
10478
10486
10529
10541
10555
10559
10572
10581
10584
10585
10589
10590
10596
10603
10606
10608
10617
10636
10638
10640
10641
10642
10644
10647
10649
10652
10656
10657
10661
10663
10668
10673
10674
10677
10685
10690
10691
10700
10701
10713
10716
10718
10720
10723
10741
10748
10767
10770
10777
10781
10783
10785
10794
10800
10801
10802
10803
10804
10806
10807
10809
10810
10812
10817
10827
10831
10834
10836
10838
10843
10850
10854
10857
10858
10860
10862
10863
10866
10875
10887
10940
10896
10908
10881
10898
10918
10930
10977
10928
10924
10952
10938
10958
10926
10886
10954
10897
10950
10983
10951
10969
10974
10984
11005
10953
10956
10929
10913
11031
10919
10961
10966
10979
10998
11007
11012
11016
11021
11030
11039
11042
11053
11058
11060
11063
11064
11065
11068
11071
11072
11074
11075
11076
11078
11083
11113
11126
11128
11164
11184
11185
11192
11193
11201
11203
11209
11238
11317
11085
11207
11227
11246
11286
11311
11312
11358
11326
11325
11330
11321